0.000000 0.000000 0.000000 0.000000 0.000000 
0.000000 0.000000 0.000000 0.000000 0.000000 
0.000000 0.000000 0.000000 0.000000 0.000000 
0.000000 0.000000 0.000000 0.000000 0.000000 
0.000000 0.000000 0.000000 0.000000 0.000000 
0.000000 0.000000 0.000000 0.000000 0.000000 
0.000000 0.000000 0.000000 0.000000 0.000000 
0.000000 0.000000 0.000000 0.000000 0.000000 
0.000000 0.000000 0.000000 0.000000 0.000000 
0.000000 0.000000 0.000000 0.000000 0.000000 
0.000000 0.000000 0.000000 0.000000 0.000000 
0.000000 0.000000 0.000000 0.000000 0.000000 
0.000000 0.000000 0.000000 0.000000 0.000000 
0.000000 0.000000 0.000000 0.000000 0.000000 
0.000000 0.000000 0.000000 0.000000 0.000000 
0.000000 0.000000 0.000000 0.000000 0.000000 
0.000000 0.000000 0.000000 0.000000 0.000000 
0.000000 0.000000 0.000000 0.000000 0.000000 
0.000000 0.000000 0.000000 0.000000 0.000000 
0.000000 0.000000 0.000000 0.000000 0.000000 
0.000000 0.000000 0.000000 0.000000 0.000000 
0.000000 0.000000 0.000000 0.000000 0.000000 
0.000000 0.000000 0.000000 0.000000 0.000000 
0.000000 0.000000 0.000000 0.000000 0.000000 
0.000000 0.000000 0.000000 0.000000 0.000000 
0.000000 0.000000 0.000000 0.000000 0.000000 
1.000000 0.000000 0.000000 0.000000 0.000000 
1.000000 0.000000 0.200000 0.200000 0.000000 
1.000000 0.060000 0.280000 0.280000 0.060000 
1.000000 0.102000 0.324000 0.324000 0.102000 
1.000000 0.127800 0.350000 0.350000 0.127800 
1.000000 0.143340 0.365560 0.365560 0.143340 
1.000000 0.152670 0.374892 0.374892 0.152670 
1.000000 0.158269 0.380491 0.380491 0.158269 
1.000000 0.161628 0.383850 0.383850 0.161628 
1.000000 0.163643 0.385866 0.385866 0.163643 
1.000000 0.164853 0.387075 0.387075 0.164853 
1.000000 0.165578 0.387800 0.387800 0.165578 
1.000000 0.166014 0.388236 0.388236 0.166014 
1.000000 0.166275 0.388497 0.388497 0.166275 
1.000000 0.166432 0.388654 0.388654 0.166432 
1.000000 0.166526 0.388748 0.388748 0.166526 
1.000000 0.166582 0.388804 0.388804 0.166582 
1.000000 0.166616 0.388838 0.388838 0.166616 
1.000000 0.166636 0.388858 0.388858 0.166636 
1.000000 0.166648 0.388871 0.388871 0.166648 
1.000000 0.166656 0.388878 0.388878 0.166656 
1.000000 0.166660 0.388882 0.388882 0.166660 
1.000000 0.166663 0.388885 0.388885 0.166663 
1.000000 0.166664 0.388887 0.388887 0.166664 
1.000000 0.166665 0.388887 0.388887 0.166665 
1.000000 0.166666 0.388888 0.388888 0.166666 
1.000000 0.166666 0.388888 0.388888 0.166666 
1.000000 0.166666 0.388889 0.388889 0.166666 
1.000000 0.166666 0.388889 0.388889 0.166666 
1.000000 0.166667 0.388889 0.388889 0.166667 
1.000000 0.166667 0.388889 0.388889 0.166667 
1.000000 0.166667 0.388889 0.388889 0.166667 
1.000000 0.166667 0.388889 0.388889 0.166667 
1.000000 0.166667 0.388889 0.388889 0.166667 
1.000000 0.166667 0.388889 0.388889 0.166667 
1.000000 0.166667 0.388889 0.388889 0.166667 
1.000000 0.166667 0.388889 0.388889 0.166667 
1.000000 0.166667 0.388889 0.388889 0.166667 
1.000000 0.166667 0.388889 0.388889 0.166667 
1.000000 0.166667 0.388889 0.388889 0.166667 
1.000000 0.166667 0.388889 0.388889 0.166667 
1.000000 0.166667 0.388889 0.388889 0.166667 
1.000000 0.166667 0.388889 0.388889 0.166667 
1.000000 0.166667 0.388889 0.388889 0.166667 
1.000000 0.166667 0.388889 0.388889 0.166667 
1.000000 0.166667 0.388889 0.388889 0.166667 
1.000000 0.166667 0.388889 0.388889 0.166667 
1.000000 0.166667 0.388889 0.388889 0.166667 
1.000000 0.166667 0.388889 0.388889 0.166667 
1.000000 0.166667 0.388889 0.388889 0.166667 
1.000000 0.166667 0.388889 0.388889 0.166667 
1.000000 0.166667 0.388889 0.388889 0.166667 
1.000000 0.166667 0.388889 0.388889 0.166667 
1.000000 0.166667 0.388889 0.388889 0.166667 
1.000000 0.166667 0.388889 0.388889 0.166667 
1.000000 0.166667 0.388889 0.388889 0.166667 
1.000000 0.166667 0.388889 0.388889 0.166667 
1.000000 0.166667 0.388889 0.388889 0.166667 
1.000000 0.166667 0.388889 0.388889 0.166667 
1.000000 0.166667 0.388889 0.388889 0.166667 
1.000000 0.166667 0.388889 0.388889 0.166667 
1.000000 0.166667 0.388889 0.388889 0.166667 
1.000000 0.166667 0.388889 0.388889 0.166667 
1.000000 0.166667 0.388889 0.388889 0.166667 
1.000000 0.166667 0.388889 0.388889 0.166667 
1.000000 0.166667 0.388889 0.388889 0.166667 
1.000000 0.166667 0.388889 0.388889 0.166667 
1.000000 0.166667 0.388889 0.388889 0.166667 
1.000000 0.166667 0.388889 0.388889 0.166667 
1.000000 0.166667 0.388889 0.388889 0.166667 
1.000000 0.166667 0.388889 0.388889 0.166667 
1.000000 0.166667 0.388889 0.388889 0.166667 
1.000000 0.166667 0.388889 0.388889 0.166667 
1.000000 0.166667 0.388889 0.388889 0.166667 
1.000000 0.166667 0.388889 0.388889 0.166667 
1.000000 0.166667 0.388889 0.388889 0.166667 
1.000000 0.166667 0.388889 0.388889 0.166667 
1.000000 0.166667 0.388889 0.388889 0.166667 
1.000000 0.166667 0.388889 0.388889 0.166667 
1.000000 0.166667 0.388889 0.388889 0.166667 
1.000000 0.166667 0.388889 0.388889 0.166667 
1.000000 0.166667 0.388889 0.388889 0.166667 
1.000000 0.166667 0.388889 0.388889 0.166667 
1.000000 0.166667 0.388889 0.388889 0.166667 
1.000000 0.166667 0.388889 0.388889 0.166667 
1.000000 0.166667 0.388889 0.388889 0.166667 
1.000000 0.166667 0.388889 0.388889 0.166667 
1.000000 0.166667 0.388889 0.388889 0.166667 
1.000000 0.166667 0.388889 0.388889 0.166667 
1.000000 0.166667 0.388889 0.388889 0.166667 
1.000000 0.166667 0.388889 0.388889 0.166667 
1.000000 0.166667 0.388889 0.388889 0.166667 
1.000000 0.166667 0.388889 0.388889 0.166667 
1.000000 0.166667 0.388889 0.388889 0.166667 
1.000000 0.166667 0.388889 0.388889 0.166667 
1.000000 0.166667 0.388889 0.388889 0.166667 
1.000000 0.166667 0.388889 0.388889 0.166667 
1.000000 0.166667 0.388889 0.388889 0.166667 
1.000000 0.166667 0.388889 0.388889 0.166667 
1.000000 0.166667 0.388889 0.388889 0.166667 
1.000000 0.166667 0.388889 0.388889 0.166667 
1.000000 0.166667 0.388889 0.388889 0.166667 
1.000000 0.166667 0.388889 0.388889 0.166667 
1.000000 0.166667 0.388889 0.388889 0.166667 
1.000000 0.166667 0.388889 0.388889 0.166667 
1.000000 0.166667 0.388889 0.388889 0.166667 
1.000000 0.166667 0.388889 0.388889 0.166667 
1.000000 0.166667 0.388889 0.388889 0.166667 
1.000000 0.166667 0.388889 0.388889 0.166667 
1.000000 0.166667 0.388889 0.388889 0.166667 
1.000000 0.166667 0.388889 0.388889 0.166667 
1.000000 0.166667 0.388889 0.388889 0.166667 
1.000000 0.166667 0.388889 0.388889 0.166667 
1.000000 0.166667 0.388889 0.388889 0.166667 
1.000000 0.166667 0.388889 0.388889 0.166667 
1.000000 0.166667 0.388889 0.388889 0.166667 
1.000000 0.166667 0.388889 0.388889 0.166667 
1.000000 0.166667 0.388889 0.388889 0.166667 
1.000000 0.166667 0.388889 0.388889 0.166667 
1.000000 0.166667 0.388889 0.388889 0.166667 
1.000000 0.166667 0.388889 0.388889 0.166667 
1.000000 0.166667 0.388889 0.388889 0.166667 
1.000000 0.166667 0.388889 0.388889 0.166667 
1.000000 0.166667 0.388889 0.388889 0.166667 
1.000000 0.166667 0.388889 0.388889 0.166667 
1.000000 0.166667 0.388889 0.388889 0.166667 
1.000000 0.166667 0.388889 0.388889 0.166667 
1.000000 0.166667 0.388889 0.388889 0.166667 
1.000000 0.166667 0.388889 0.388889 0.166667 
1.000000 0.166667 0.388889 0.388889 0.166667 
1.000000 0.166667 0.388889 0.388889 0.166667 
1.000000 0.166667 0.388889 0.388889 0.166667 
1.000000 0.166667 0.388889 0.388889 0.166667 
1.000000 0.166667 0.388889 0.388889 0.166667 
1.000000 0.166667 0.388889 0.388889 0.166667 
1.000000 0.166667 0.388889 0.388889 0.166667 
1.000000 0.166667 0.388889 0.388889 0.166667 
1.000000 0.166667 0.388889 0.388889 0.166667 
1.000000 0.166667 0.388889 0.388889 0.166667 
1.000000 0.166667 0.388889 0.388889 0.166667 
1.000000 0.166667 0.388889 0.388889 0.166667 
1.000000 0.166667 0.388889 0.388889 0.166667 
1.000000 0.166667 0.388889 0.388889 0.166667 
1.000000 0.166667 0.388889 0.388889 0.166667 
1.000000 0.166667 0.388889 0.388889 0.166667 
1.000000 0.166667 0.388889 0.388889 0.166667 
1.000000 0.166667 0.388889 0.388889 0.166667 
1.000000 0.166667 0.388889 0.388889 0.166667 
1.000000 0.166667 0.388889 0.388889 0.166667 
1.000000 0.166667 0.388889 0.388889 0.166667 
1.000000 0.166667 0.388889 0.388889 0.166667 
1.000000 0.166667 0.388889 0.388889 0.166667 
1.000000 0.166667 0.388889 0.388889 0.166667 
1.000000 0.166667 0.388889 0.388889 0.166667 
1.000000 0.166667 0.388889 0.388889 0.166667 
1.000000 0.166667 0.388889 0.388889 0.166667 
1.000000 0.166667 0.388889 0.388889 0.166667 
1.000000 0.166667 0.388889 0.388889 0.166667 
1.000000 0.166667 0.388889 0.388889 0.166667 
1.000000 0.166667 0.388889 0.388889 0.166667 
1.000000 0.166667 0.388889 0.388889 0.166667 
1.000000 0.166667 0.388889 0.388889 0.166667 
1.000000 0.166667 0.388889 0.388889 0.166667 
1.000000 0.166667 0.388889 0.388889 0.166667 
1.000000 0.166667 0.388889 0.388889 0.166667 
1.000000 0.166667 0.388889 0.388889 0.166667 
1.000000 0.166667 0.388889 0.388889 0.166667 
1.000000 0.166667 0.388889 0.388889 0.166667 
1.000000 0.166667 0.388889 0.388889 0.166667 
1.000000 0.166667 0.388889 0.388889 0.166667 
1.000000 0.166667 0.388889 0.388889 0.166667 
1.000000 0.166667 0.388889 0.388889 0.166667 
1.000000 0.166667 0.388889 0.388889 0.166667 
1.000000 0.166667 0.388889 0.388889 0.166667 
1.000000 0.166667 0.388889 0.388889 0.166667 
1.000000 0.166667 0.388889 0.388889 0.166667 
1.000000 0.166667 0.388889 0.388889 0.166667 
1.000000 0.166667 0.388889 0.388889 0.166667 
1.000000 0.166667 0.388889 0.388889 0.166667 
1.000000 0.166667 0.388889 0.388889 0.166667 
1.000000 0.166667 0.388889 0.388889 0.166667 
1.000000 0.166667 0.388889 0.388889 0.166667 
1.000000 0.166667 0.388889 0.388889 0.166667 
1.000000 0.166667 0.388889 0.388889 0.166667 
1.000000 0.166667 0.388889 0.388889 0.166667 
1.000000 0.166667 0.388889 0.388889 0.166667 
1.000000 0.166667 0.388889 0.388889 0.166667 
1.000000 0.166667 0.388889 0.388889 0.166667 
1.000000 0.166667 0.388889 0.388889 0.166667 
1.000000 0.166667 0.388889 0.388889 0.166667 
1.000000 0.166667 0.388889 0.388889 0.166667 
1.000000 0.166667 0.388889 0.388889 0.166667 
1.000000 0.166667 0.388889 0.388889 0.166667 
1.000000 0.166667 0.388889 0.388889 0.166667 
1.000000 0.166667 0.388889 0.388889 0.166667 
1.000000 0.166667 0.388889 0.388889 0.166667 
1.000000 0.166667 0.388889 0.388889 0.166667 
1.000000 0.166667 0.388889 0.388889 0.166667 
1.000000 0.166667 0.388889 0.388889 0.166667 
1.000000 0.166667 0.388889 0.388889 0.166667 
1.000000 0.166667 0.388889 0.388889 0.166667 
1.000000 0.166667 0.388889 0.388889 0.166667 
1.000000 0.166667 0.388889 0.388889 0.166667 
1.000000 0.166667 0.388889 0.388889 0.166667 
1.000000 0.166667 0.388889 0.388889 0.166667 
1.000000 0.166667 0.388889 0.388889 0.166667 
1.000000 0.166667 0.388889 0.388889 0.166667 
1.000000 0.166667 0.388889 0.388889 0.166667 
1.000000 0.166667 0.388889 0.388889 0.166667 
1.000000 0.166667 0.388889 0.388889 0.166667 
1.000000 0.166667 0.388889 0.388889 0.166667 
1.000000 0.166667 0.388889 0.388889 0.166667 
1.000000 0.166667 0.388889 0.388889 0.166667 
1.000000 0.166667 0.388889 0.388889 0.166667 
1.000000 0.166667 0.388889 0.388889 0.166667 
1.000000 0.166667 0.388889 0.388889 0.166667 
1.000000 0.166667 0.388889 0.388889 0.166667 
1.000000 0.166667 0.388889 0.388889 0.166667 
1.000000 0.166667 0.388889 0.388889 0.166667 
1.000000 0.166667 0.388889 0.388889 0.166667 
1.000000 0.166667 0.388889 0.388889 0.166667 
1.000000 0.166667 0.388889 0.388889 0.166667 
1.000000 0.166667 0.388889 0.388889 0.166667 
1.000000 0.166667 0.388889 0.388889 0.166667 
1.000000 0.166667 0.388889 0.388889 0.166667 
1.000000 0.166667 0.388889 0.388889 0.166667 
1.000000 0.166667 0.388889 0.388889 0.166667 
1.000000 0.166667 0.388889 0.388889 0.166667 
1.000000 0.166667 0.388889 0.388889 0.166667 
1.000000 0.166667 0.388889 0.388889 0.166667 
1.000000 0.166667 0.388889 0.388889 0.166667 
1.000000 0.166667 0.388889 0.388889 0.166667 
1.000000 0.166667 0.388889 0.388889 0.166667 
1.000000 0.166667 0.388889 0.388889 0.166667 
1.000000 0.166667 0.388889 0.388889 0.166667 
1.000000 0.166667 0.388889 0.388889 0.166667 
1.000000 0.166667 0.388889 0.388889 0.166667 
1.000000 0.166667 0.388889 0.388889 0.166667 
1.000000 0.166667 0.388889 0.388889 0.166667 
1.000000 0.166667 0.388889 0.388889 0.166667 
1.000000 0.166667 0.388889 0.388889 0.166667 
1.000000 0.166667 0.388889 0.388889 0.166667 
1.000000 0.166667 0.388889 0.388889 0.166667 
1.000000 0.166667 0.388889 0.388889 0.166667 
1.000000 0.166667 0.388889 0.388889 0.166667 
1.000000 0.166667 0.388889 0.388889 0.166667 
1.000000 0.166667 0.388889 0.388889 0.166667 
1.000000 0.166667 0.388889 0.388889 0.166667 
1.000000 0.166667 0.388889 0.388889 0.166667 
1.000000 0.166667 0.388889 0.388889 0.166667 
1.000000 0.166667 0.388889 0.388889 0.166667 
1.000000 0.166667 0.388889 0.388889 0.166667 
1.000000 0.166667 0.388889 0.388889 0.166667 
1.000000 0.166667 0.388889 0.388889 0.166667 
1.000000 0.166667 0.388889 0.388889 0.166667 
1.000000 0.166667 0.388889 0.388889 0.166667 
1.000000 0.166667 0.388889 0.388889 0.166667 
1.000000 0.166667 0.388889 0.388889 0.166667 
1.000000 0.166667 0.388889 0.388889 0.166667 
1.000000 0.166667 0.388889 0.388889 0.166667 
1.000000 0.166667 0.388889 0.388889 0.166667 
1.000000 0.166667 0.388889 0.388889 0.166667 
1.000000 0.166667 0.388889 0.388889 0.166667 
1.000000 0.166667 0.388889 0.388889 0.166667 
1.000000 0.166667 0.388889 0.388889 0.166667 
1.000000 0.166667 0.388889 0.388889 0.166667 
1.000000 0.166667 0.388889 0.388889 0.166667 
1.000000 0.166667 0.388889 0.388889 0.166667 
1.000000 0.166667 0.388889 0.388889 0.166667 
1.000000 0.166667 0.388889 0.388889 0.166667 
1.000000 0.166667 0.388889 0.388889 0.166667 
1.000000 0.166667 0.388889 0.388889 0.166667 
1.000000 0.166667 0.388889 0.388889 0.166667 
1.000000 0.166667 0.388889 0.388889 0.166667 
1.000000 0.166667 0.388889 0.388889 0.166667 
1.000000 0.166667 0.388889 0.388889 0.166667 
1.000000 0.166667 0.388889 0.388889 0.166667 
1.000000 0.166667 0.388889 0.388889 0.166667 
1.000000 0.166667 0.388889 0.388889 0.166667 
1.000000 0.166667 0.388889 0.388889 0.166667 
1.000000 0.166667 0.388889 0.388889 0.166667 
1.000000 0.166667 0.388889 0.388889 0.166667 
1.000000 0.166667 0.388889 0.388889 0.166667 
1.000000 0.166667 0.388889 0.388889 0.166667 
1.000000 0.166667 0.388889 0.388889 0.166667 
1.000000 0.166667 0.388889 0.388889 0.166667 
1.000000 0.166667 0.388889 0.388889 0.166667 
1.000000 0.166667 0.388889 0.388889 0.166667 
1.000000 0.166667 0.388889 0.388889 0.166667 
1.000000 0.166667 0.388889 0.388889 0.166667 
1.000000 0.166667 0.388889 0.388889 0.166667 
1.000000 0.166667 0.388889 0.388889 0.166667 
1.000000 0.166667 0.388889 0.388889 0.166667 
1.000000 0.166667 0.388889 0.388889 0.166667 
1.000000 0.166667 0.388889 0.388889 0.166667 
1.000000 0.166667 0.388889 0.388889 0.166667 
1.000000 0.166667 0.388889 0.388889 0.166667 
1.000000 0.166667 0.388889 0.388889 0.166667 
1.000000 0.166667 0.388889 0.388889 0.166667 
1.000000 0.166667 0.388889 0.388889 0.166667 
1.000000 0.166667 0.388889 0.388889 0.166667 
1.000000 0.166667 0.388889 0.388889 0.166667 
1.000000 0.166667 0.388889 0.388889 0.166667 
1.000000 0.166667 0.388889 0.388889 0.166667 
1.000000 0.166667 0.388889 0.388889 0.166667 
1.000000 0.166667 0.388889 0.388889 0.166667 
1.000000 0.166667 0.388889 0.388889 0.166667 
1.000000 0.166667 0.388889 0.388889 0.166667 
1.000000 0.166667 0.388889 0.388889 0.166667 
1.000000 0.166667 0.388889 0.388889 0.166667 
1.000000 0.166667 0.388889 0.388889 0.166667 
1.000000 0.166667 0.388889 0.388889 0.166667 
1.000000 0.166667 0.388889 0.388889 0.166667 
1.000000 0.166667 0.388889 0.388889 0.166667 
1.000000 0.166667 0.388889 0.388889 0.166667 
1.000000 0.166667 0.388889 0.388889 0.166667 
1.000000 0.166667 0.388889 0.388889 0.166667 
1.000000 0.166667 0.388889 0.388889 0.166667 
1.000000 0.166667 0.388889 0.388889 0.166667 
1.000000 0.166667 0.388889 0.388889 0.166667 
1.000000 0.166667 0.388889 0.388889 0.166667 
1.000000 0.166667 0.388889 0.388889 0.166667 
1.000000 0.166667 0.388889 0.388889 0.166667 
1.000000 0.166667 0.388889 0.388889 0.166667 
1.000000 0.166667 0.388889 0.388889 0.166667 
1.000000 0.166667 0.388889 0.388889 0.166667 
1.000000 0.166667 0.388889 0.388889 0.166667 
1.000000 0.166667 0.388889 0.388889 0.166667 
1.000000 0.166667 0.388889 0.388889 0.166667 
1.000000 0.166667 0.388889 0.388889 0.166667 
1.000000 0.166667 0.388889 0.388889 0.166667 
1.000000 0.166667 0.388889 0.388889 0.166667 
1.000000 0.166667 0.388889 0.388889 0.166667 
1.000000 0.166667 0.388889 0.388889 0.166667 
1.000000 0.166667 0.388889 0.388889 0.166667 
1.000000 0.166667 0.388889 0.388889 0.166667 
1.000000 0.166667 0.388889 0.388889 0.166667 
1.000000 0.166667 0.388889 0.388889 0.166667 
1.000000 0.166667 0.388889 0.388889 0.166667 
1.000000 0.166667 0.388889 0.388889 0.166667 
1.000000 0.166667 0.388889 0.388889 0.166667 
1.000000 0.166667 0.388889 0.388889 0.166667 
1.000000 0.166667 0.388889 0.388889 0.166667 
1.000000 0.166667 0.388889 0.388889 0.166667 
1.000000 0.166667 0.388889 0.388889 0.166667 
1.000000 0.166667 0.388889 0.388889 0.166667 
1.000000 0.166667 0.388889 0.388889 0.166667 
1.000000 0.166667 0.388889 0.388889 0.166667 
1.000000 0.166667 0.388889 0.388889 0.166667 
1.000000 0.166667 0.388889 0.388889 0.166667 
1.000000 0.166667 0.388889 0.388889 0.166667 
1.000000 0.166667 0.388889 0.388889 0.166667 
1.000000 0.166667 0.388889 0.388889 0.166667 
1.000000 0.166667 0.388889 0.388889 0.166667 
1.000000 0.166667 0.388889 0.388889 0.166667 
1.000000 0.166667 0.388889 0.388889 0.166667 
1.000000 0.166667 0.388889 0.388889 0.166667 
1.000000 0.166667 0.388889 0.388889 0.166667 
1.000000 0.166667 0.388889 0.388889 0.166667 
1.000000 0.166667 0.388889 0.388889 0.166667 
1.000000 0.166667 0.388889 0.388889 0.166667 
1.000000 0.166667 0.388889 0.388889 0.166667 
1.000000 0.166667 0.388889 0.388889 0.166667 
1.000000 0.166667 0.388889 0.388889 0.166667 
1.000000 0.166667 0.388889 0.388889 0.166667 
1.000000 0.166667 0.388889 0.388889 0.166667 
1.000000 0.166667 0.388889 0.388889 0.166667 
1.000000 0.166667 0.388889 0.388889 0.166667 
1.000000 0.166667 0.388889 0.388889 0.166667 
1.000000 0.166667 0.388889 0.388889 0.166667 
1.000000 0.166667 0.388889 0.388889 0.166667 
1.000000 0.166667 0.388889 0.388889 0.166667 
1.000000 0.166667 0.388889 0.388889 0.166667 
1.000000 0.166667 0.388889 0.388889 0.166667 
1.000000 0.166667 0.388889 0.388889 0.166667 
1.000000 0.166667 0.388889 0.388889 0.166667 
1.000000 0.166667 0.388889 0.388889 0.166667 
1.000000 0.166667 0.388889 0.388889 0.166667 
1.000000 0.166667 0.388889 0.388889 0.166667 
1.000000 0.166667 0.388889 0.388889 0.166667 
1.000000 0.166667 0.388889 0.388889 0.166667 
1.000000 0.166667 0.388889 0.388889 0.166667 
1.000000 0.166667 0.388889 0.388889 0.166667 
1.000000 0.166667 0.388889 0.388889 0.166667 
1.000000 0.166667 0.388889 0.388889 0.166667 
1.000000 0.166667 0.388889 0.388889 0.166667 
1.000000 0.166667 0.388889 0.388889 0.166667 
1.000000 0.166667 0.388889 0.388889 0.166667 
1.000000 0.166667 0.388889 0.388889 0.166667 
1.000000 0.166667 0.388889 0.388889 0.166667 
1.000000 0.166667 0.388889 0.388889 0.166667 
1.000000 0.166667 0.388889 0.388889 0.166667 
1.000000 0.166667 0.388889 0.388889 0.166667 
1.000000 0.166667 0.388889 0.388889 0.166667 
1.000000 0.166667 0.388889 0.388889 0.166667 
1.000000 0.166667 0.388889 0.388889 0.166667 
1.000000 0.166667 0.388889 0.388889 0.166667 
1.000000 0.166667 0.388889 0.388889 0.166667 
1.000000 0.166667 0.388889 0.388889 0.166667 
1.000000 0.166667 0.388889 0.388889 0.166667 
1.000000 0.166667 0.388889 0.388889 0.166667 
1.000000 0.166667 0.388889 0.388889 0.166667 
1.000000 0.166667 0.388889 0.388889 0.166667 
1.000000 0.166667 0.388889 0.388889 0.166667 
1.000000 0.166667 0.388889 0.388889 0.166667 
1.000000 0.166667 0.388889 0.388889 0.166667 
1.000000 0.166667 0.388889 0.388889 0.166667 
1.000000 0.166667 0.388889 0.388889 0.166667 
1.000000 0.166667 0.388889 0.388889 0.166667 
1.000000 0.166667 0.388889 0.388889 0.166667 
1.000000 0.166667 0.388889 0.388889 0.166667 
1.000000 0.166667 0.388889 0.388889 0.166667 
1.000000 0.166667 0.388889 0.388889 0.166667 
1.000000 0.166667 0.388889 0.388889 0.166667 
1.000000 0.166667 0.388889 0.388889 0.166667 
1.000000 0.166667 0.388889 0.388889 0.166667 
1.000000 0.166667 0.388889 0.388889 0.166667 
1.000000 0.166667 0.388889 0.388889 0.166667 
1.000000 0.166667 0.388889 0.388889 0.166667 
1.000000 0.166667 0.388889 0.388889 0.166667 
1.000000 0.166667 0.388889 0.388889 0.166667 
1.000000 0.166667 0.388889 0.388889 0.166667 
1.000000 0.166667 0.388889 0.388889 0.166667 
1.000000 0.166667 0.388889 0.388889 0.166667 
1.000000 0.166667 0.388889 0.388889 0.166667 
1.000000 0.166667 0.388889 0.388889 0.166667 
1.000000 0.166667 0.388889 0.388889 0.166667 
1.000000 0.166667 0.388889 0.388889 0.166667 
1.000000 0.166667 0.388889 0.388889 0.166667 
1.000000 0.166667 0.388889 0.388889 0.166667 
1.000000 0.166667 0.388889 0.388889 0.166667 
1.000000 0.166667 0.388889 0.388889 0.166667 
1.000000 0.166667 0.388889 0.388889 0.166667 
1.000000 0.166667 0.388889 0.388889 0.166667 
1.000000 0.166667 0.388889 0.388889 0.166667 
1.000000 0.166667 0.388889 0.388889 0.166667 
1.000000 0.166667 0.388889 0.388889 0.166667 
1.000000 0.166667 0.388889 0.388889 0.166667 
1.000000 0.166667 0.388889 0.388889 0.166667 
1.000000 0.166667 0.388889 0.388889 0.166667 
1.000000 0.166667 0.388889 0.388889 0.166667 
1.000000 0.166667 0.388889 0.388889 0.166667 
1.000000 0.166667 0.388889 0.388889 0.166667 
1.000000 0.166667 0.388889 0.388889 0.166667 
1.000000 0.166667 0.388889 0.388889 0.166667 
1.000000 0.166667 0.388889 0.388889 0.166667 
1.000000 0.166667 0.388889 0.388889 0.166667 
1.000000 0.166667 0.388889 0.388889 0.166667 
1.000000 0.166667 0.388889 0.388889 0.166667 
1.000000 0.166667 0.388889 0.388889 0.166667 
1.000000 0.166667 0.388889 0.388889 0.166667 
1.000000 0.166667 0.388889 0.388889 0.166667 
1.000000 0.166667 0.388889 0.388889 0.166667 
1.000000 0.166667 0.388889 0.388889 0.166667 
1.000000 0.166667 0.388889 0.388889 0.166667 
1.000000 0.166667 0.388889 0.388889 0.166667 
1.000000 0.166667 0.388889 0.388889 0.166667 
1.000000 0.166667 0.388889 0.388889 0.166667 
1.000000 0.166667 0.388889 0.388889 0.166667 
1.000000 0.166667 0.388889 0.388889 0.166667 
1.000000 0.166667 0.388889 0.388889 0.166667 
1.000000 0.166667 0.388889 0.388889 0.166667 
1.000000 0.166667 0.388889 0.388889 0.166667 
1.000000 0.166667 0.388889 0.388889 0.166667 
1.000000 0.166667 0.388889 0.388889 0.166667 
1.000000 0.166667 0.388889 0.388889 0.166667 
1.000000 0.166667 0.388889 0.388889 0.166667 
1.000000 0.166667 0.388889 0.388889 0.166667 
1.000000 0.166667 0.388889 0.388889 0.166667 
1.000000 0.166667 0.388889 0.388889 0.166667 
1.000000 0.166667 0.388889 0.388889 0.166667 
1.000000 0.166667 0.388889 0.388889 0.166667 
1.000000 0.166667 0.388889 0.388889 0.166667 
1.000000 0.166667 0.388889 0.388889 0.166667 
0.000000 0.166667 0.388889 0.388889 0.166667 
0.000000 0.166667 0.188889 0.188889 0.166667 
0.000000 0.106667 0.108889 0.108889 0.106667 
0.000000 0.064667 0.064889 0.064889 0.064667 
0.000000 0.038867 0.038889 0.038889 0.038867 
0.000000 0.023327 0.023329 0.023329 0.023327 
0.000000 0.013997 0.013997 0.013997 0.013997 
0.000000 0.008398 0.008398 0.008398 0.008398 
0.000000 0.005039 0.005039 0.005039 0.005039 
0.000000 0.003023 0.003023 0.003023 0.003023 
0.000000 0.001814 0.001814 0.001814 0.001814 
0.000000 0.001088 0.001088 0.001088 0.001088 
0.000000 0.000653 0.000653 0.000653 0.000653 
0.000000 0.000392 0.000392 0.000392 0.000392 
0.000000 0.000235 0.000235 0.000235 0.000235 
0.000000 0.000141 0.000141 0.000141 0.000141 
0.000000 0.000085 0.000085 0.000085 0.000085 
0.000000 0.000051 0.000051 0.000051 0.000051 
0.000000 0.000030 0.000030 0.000030 0.000030 
0.000000 0.000018 0.000018 0.000018 0.000018 
0.000000 0.000011 0.000011 0.000011 0.000011 
0.000000 0.000007 0.000007 0.000007 0.000007 
0.000000 0.000004 0.000004 0.000004 0.000004 
0.000000 0.000002 0.000002 0.000002 0.000002 
0.000000 0.000001 0.000001 0.000001 0.000001 
0.000000 0.000001 0.000001 0.000001 0.000001 
0.000000 0.000001 0.000001 0.000001 0.000001 
0.000000 0.000000 0.000000 0.000000 0.000000 
0.000000 0.000000 0.000000 0.000000 0.000000 
0.000000 0.000000 0.000000 0.000000 0.000000 
0.000000 0.000000 0.000000 0.000000 0.000000 
0.000000 0.000000 0.000000 0.000000 0.000000 
0.000000 0.000000 0.000000 0.000000 0.000000 
0.000000 0.000000 0.000000 0.000000 0.000000 
0.000000 0.000000 0.000000 0.000000 0.000000 
0.000000 0.000000 0.000000 0.000000 0.000000 
0.000000 0.000000 0.000000 0.000000 0.000000 
0.000000 0.000000 0.000000 0.000000 0.000000 
0.000000 0.000000 0.000000 0.000000 0.000000 
0.000000 0.000000 0.000000 0.000000 0.000000 
0.000000 0.000000 0.000000 0.000000 0.000000 
0.000000 0.000000 0.000000 0.000000 0.000000 
0.000000 0.000000 0.000000 0.000000 0.000000 
0.000000 0.000000 0.000000 0.000000 0.000000 
0.000000 0.000000 0.000000 0.000000 0.000000 
0.000000 0.000000 0.000000 0.000000 0.000000 
0.000000 0.000000 0.000000 0.000000 0.000000 
0.000000 0.000000 0.000000 0.000000 0.000000 
0.000000 0.000000 0.000000 0.000000 0.000000 
0.000000 0.000000 0.000000 0.000000 0.000000 
0.000000 0.000000 0.000000 0.000000 0.000000 
0.000000 0.000000 0.000000 0.000000 0.000000 
0.000000 0.000000 0.000000 0.000000 0.000000 
0.000000 0.000000 0.000000 0.000000 0.000000 
0.000000 0.000000 0.000000 0.000000 0.000000 
0.000000 0.000000 0.000000 0.000000 0.000000 
0.000000 0.000000 0.000000 0.000000 0.000000 
0.000000 0.000000 0.000000 0.000000 0.000000 
0.000000 0.000000 0.000000 0.000000 0.000000 
0.000000 0.000000 0.000000 0.000000 0.000000 
0.000000 0.000000 0.000000 0.000000 0.000000 
0.000000 0.000000 0.000000 0.000000 0.000000 
0.000000 0.000000 0.000000 0.000000 0.000000 
0.000000 0.000000 0.000000 0.000000 0.000000 
0.000000 0.000000 0.000000 0.000000 0.000000 
0.000000 0.000000 0.000000 0.000000 0.000000 
0.000000 0.000000 0.000000 0.000000 0.000000 
0.000000 0.000000 0.000000 0.000000 0.000000 
0.000000 0.000000 0.000000 0.000000 0.000000 
0.000000 0.000000 0.000000 0.000000 0.000000 
0.000000 0.000000 0.000000 0.000000 0.000000 
0.000000 0.000000 0.000000 0.000000 0.000000 
0.000000 0.000000 0.000000 0.000000 0.000000 
0.000000 0.000000 0.000000 0.000000 0.000000 
0.000000 0.000000 0.000000 0.000000 0.000000 
0.000000 0.000000 0.000000 0.000000 0.000000 
0.000000 0.000000 0.000000 0.000000 0.000000 
0.000000 0.000000 0.000000 0.000000 0.000000 
0.000000 0.000000 0.000000 0.000000 0.000000 
0.000000 0.000000 0.000000 0.000000 0.000000 
0.000000 0.000000 0.000000 0.000000 0.000000 
0.000000 0.000000 0.000000 0.000000 0.000000 
0.000000 0.000000 0.000000 0.000000 0.000000 
0.000000 0.000000 0.000000 0.000000 0.000000 
0.000000 0.000000 0.000000 0.000000 0.000000 
0.000000 0.000000 0.000000 0.000000 0.000000 
0.000000 0.000000 0.000000 0.000000 0.000000 
0.000000 0.000000 0.000000 0.000000 0.000000 
0.000000 0.000000 0.000000 0.000000 0.000000 
0.000000 0.000000 0.000000 0.000000 0.000000 
0.000000 0.000000 0.000000 0.000000 0.000000 
0.000000 0.000000 0.000000 0.000000 0.000000 
0.000000 0.000000 0.000000 0.000000 0.000000 
0.000000 0.000000 0.000000 0.000000 0.000000 
0.000000 0.000000 0.000000 0.000000 0.000000 
0.000000 0.000000 0.000000 0.000000 0.000000 
0.000000 0.000000 0.000000 0.000000 0.000000 
0.000000 0.000000 0.000000 0.000000 0.000000 
0.000000 0.000000 0.000000 0.000000 0.000000 
0.000000 0.000000 0.000000 0.000000 0.000000 
0.000000 0.000000 0.000000 0.000000 0.000000 
0.000000 0.000000 0.000000 0.000000 0.000000 
0.000000 0.000000 0.000000 0.000000 0.000000 
0.000000 0.000000 0.000000 0.000000 0.000000 
0.000000 0.000000 0.000000 0.000000 0.000000 
0.000000 0.000000 0.000000 0.000000 0.000000 
0.000000 0.000000 0.000000 0.000000 0.000000 
0.000000 0.000000 0.000000 0.000000 0.000000 
0.000000 0.000000 0.000000 0.000000 0.000000 
0.000000 0.000000 0.000000 0.000000 0.000000 
0.000000 0.000000 0.000000 0.000000 0.000000 
0.000000 0.000000 0.000000 0.000000 0.000000 
0.000000 0.000000 0.000000 0.000000 0.000000 
0.000000 0.000000 0.000000 0.000000 0.000000 
0.000000 0.000000 0.000000 0.000000 0.000000 
0.000000 0.000000 0.000000 0.000000 0.000000 
0.000000 0.000000 0.000000 0.000000 0.000000 
0.000000 0.000000 0.000000 0.000000 0.000000 
0.000000 0.000000 0.000000 0.000000 0.000000 
0.000000 0.000000 0.000000 0.000000 0.000000 
0.000000 0.000000 0.000000 0.000000 0.000000 
0.000000 0.000000 0.000000 0.000000 0.000000 
0.000000 0.000000 0.000000 0.000000 0.000000 
0.000000 0.000000 0.000000 0.000000 0.000000 
0.000000 0.000000 0.000000 0.000000 0.000000 
0.000000 0.000000 0.000000 0.000000 0.000000 
0.000000 0.000000 0.000000 0.000000 0.000000 
0.000000 0.000000 0.000000 0.000000 0.000000 
0.000000 0.000000 0.000000 0.000000 0.000000 
0.000000 0.000000 0.000000 0.000000 0.000000 
0.000000 0.000000 0.000000 0.000000 0.000000 
0.000000 0.000000 0.000000 0.000000 0.000000 
0.000000 0.000000 0.000000 0.000000 0.000000 
0.000000 0.000000 0.000000 0.000000 0.000000 
0.000000 0.000000 0.000000 0.000000 0.000000 
0.000000 0.000000 0.000000 0.000000 0.000000 
0.000000 0.000000 0.000000 0.000000 0.000000 
0.000000 0.000000 0.000000 0.000000 0.000000 
0.000000 0.000000 0.000000 0.000000 0.000000 
0.000000 0.000000 0.000000 0.000000 0.000000 
0.000000 0.000000 0.000000 0.000000 0.000000 
0.000000 0.000000 0.000000 0.000000 0.000000 
0.000000 0.000000 0.000000 0.000000 0.000000 
0.000000 0.000000 0.000000 0.000000 0.000000 
0.000000 0.000000 0.000000 0.000000 0.000000 
0.000000 0.000000 0.000000 0.000000 0.000000 
0.000000 0.000000 0.000000 0.000000 0.000000 
0.000000 0.000000 0.000000 0.000000 0.000000 
0.000000 0.000000 0.000000 0.000000 0.000000 
0.000000 0.000000 0.000000 0.000000 0.000000 
0.000000 0.000000 0.000000 0.000000 0.000000 
0.000000 0.000000 0.000000 0.000000 0.000000 
0.000000 0.000000 0.000000 0.000000 0.000000 
0.000000 0.000000 0.000000 0.000000 0.000000 
0.000000 0.000000 0.000000 0.000000 0.000000 
0.000000 0.000000 0.000000 0.000000 0.000000 
0.000000 0.000000 0.000000 0.000000 0.000000 
0.000000 0.000000 0.000000 0.000000 0.000000 
0.000000 0.000000 0.000000 0.000000 0.000000 
0.000000 0.000000 0.000000 0.000000 0.000000 
0.000000 0.000000 0.000000 0.000000 0.000000 
0.000000 0.000000 0.000000 0.000000 0.000000 
0.000000 0.000000 0.000000 0.000000 0.000000 
0.000000 0.000000 0.000000 0.000000 0.000000 
0.000000 0.000000 0.000000 0.000000 0.000000 
0.000000 0.000000 0.000000 0.000000 0.000000 
0.000000 0.000000 0.000000 0.000000 0.000000 
0.000000 0.000000 0.000000 0.000000 0.000000 
0.000000 0.000000 0.000000 0.000000 0.000000 
0.000000 0.000000 0.000000 0.000000 0.000000 
0.000000 0.000000 0.000000 0.000000 0.000000 
0.000000 0.000000 0.000000 0.000000 0.000000 
0.000000 0.000000 0.000000 0.000000 0.000000 
0.000000 0.000000 0.000000 0.000000 0.000000 
0.000000 0.000000 0.000000 0.000000 0.000000 
0.000000 0.000000 0.000000 0.000000 0.000000 
0.000000 0.000000 0.000000 0.000000 0.000000 
0.000000 0.000000 0.000000 0.000000 0.000000 
0.000000 0.000000 0.000000 0.000000 0.000000 
0.000000 0.000000 0.000000 0.000000 0.000000 
0.000000 0.000000 0.000000 0.000000 0.000000 
0.000000 0.000000 0.000000 0.000000 0.000000 
0.000000 0.000000 0.000000 0.000000 0.000000 
0.000000 0.000000 0.000000 0.000000 0.000000 
0.000000 0.000000 0.000000 0.000000 0.000000 
0.000000 0.000000 0.000000 0.000000 0.000000 
0.000000 0.000000 0.000000 0.000000 0.000000 
0.000000 0.000000 0.000000 0.000000 0.000000 
0.000000 0.000000 0.000000 0.000000 0.000000 
0.000000 0.000000 0.000000 0.000000 0.000000 
0.000000 0.000000 0.000000 0.000000 0.000000 
0.000000 0.000000 0.000000 0.000000 0.000000 
0.000000 0.000000 0.000000 0.000000 0.000000 
0.000000 0.000000 0.000000 0.000000 0.000000 
0.000000 0.000000 0.000000 0.000000 0.000000 
0.000000 0.000000 0.000000 0.000000 0.000000 
0.000000 0.000000 0.000000 0.000000 0.000000 
0.000000 0.000000 0.000000 0.000000 0.000000 
0.000000 0.000000 0.000000 0.000000 0.000000 
0.000000 0.000000 0.000000 0.000000 0.000000 
0.000000 0.000000 0.000000 0.000000 0.000000 
0.000000 0.000000 0.000000 0.000000 0.000000 
0.000000 0.000000 0.000000 0.000000 0.000000 
0.000000 0.000000 0.000000 0.000000 0.000000 
0.000000 0.000000 0.000000 0.000000 0.000000 
0.000000 0.000000 0.000000 0.000000 0.000000 
0.000000 0.000000 0.000000 0.000000 0.000000 
0.000000 0.000000 0.000000 0.000000 0.000000 
0.000000 0.000000 0.000000 0.000000 0.000000 
0.000000 0.000000 0.000000 0.000000 0.000000 
0.000000 0.000000 0.000000 0.000000 0.000000 
0.000000 0.000000 0.000000 0.000000 0.000000 
0.000000 0.000000 0.000000 0.000000 0.000000 
0.000000 0.000000 0.000000 0.000000 0.000000 
0.000000 0.000000 0.000000 0.000000 0.000000 
0.000000 0.000000 0.000000 0.000000 0.000000 
0.000000 0.000000 0.000000 0.000000 0.000000 
0.000000 0.000000 0.000000 0.000000 0.000000 
0.000000 0.000000 0.000000 0.000000 0.000000 
0.000000 0.000000 0.000000 0.000000 0.000000 
0.000000 0.000000 0.000000 0.000000 0.000000 
0.000000 0.000000 0.000000 0.000000 0.000000 
0.000000 0.000000 0.000000 0.000000 0.000000 
0.000000 0.000000 0.000000 0.000000 0.000000 
0.000000 0.000000 0.000000 0.000000 0.000000 
0.000000 0.000000 0.000000 0.000000 0.000000 
0.000000 0.000000 0.000000 0.000000 0.000000 
0.000000 0.000000 0.000000 0.000000 0.000000 
0.000000 0.000000 0.000000 0.000000 0.000000 
0.000000 0.000000 0.000000 0.000000 0.000000 
0.000000 0.000000 0.000000 0.000000 0.000000 
0.000000 0.000000 0.000000 0.000000 0.000000 
0.000000 0.000000 0.000000 0.000000 0.000000 
0.000000 0.000000 0.000000 0.000000 0.000000 
0.000000 0.000000 0.000000 0.000000 0.000000 
0.000000 0.000000 0.000000 0.000000 0.000000 
0.000000 0.000000 0.000000 0.000000 0.000000 
0.000000 0.000000 0.000000 0.000000 0.000000 
0.000000 0.000000 0.000000 0.000000 0.000000 
0.000000 0.000000 0.000000 0.000000 0.000000 
0.000000 0.000000 0.000000 0.000000 0.000000 
0.000000 0.000000 0.000000 0.000000 0.000000 
0.000000 0.000000 0.000000 0.000000 0.000000 
0.000000 0.000000 0.000000 0.000000 0.000000 
0.000000 0.000000 0.000000 0.000000 0.000000 
0.000000 0.000000 0.000000 0.000000 0.000000 
0.000000 0.000000 0.000000 0.000000 0.000000 
0.000000 0.000000 0.000000 0.000000 0.000000 
0.000000 0.000000 0.000000 0.000000 0.000000 
0.000000 0.000000 0.000000 0.000000 0.000000 
0.000000 0.000000 0.000000 0.000000 0.000000 
0.000000 0.000000 0.000000 0.000000 0.000000 
0.000000 0.000000 0.000000 0.000000 0.000000 
0.000000 0.000000 0.000000 0.000000 0.000000 
0.000000 0.000000 0.000000 0.000000 0.000000 
0.000000 0.000000 0.000000 0.000000 0.000000 
0.000000 0.000000 0.000000 0.000000 0.000000 
0.000000 0.000000 0.000000 0.000000 0.000000 
0.000000 0.000000 0.000000 0.000000 0.000000 
0.000000 0.000000 0.000000 0.000000 0.000000 
0.000000 0.000000 0.000000 0.000000 0.000000 
0.000000 0.000000 0.000000 0.000000 0.000000 
0.000000 0.000000 0.000000 0.000000 0.000000 
0.000000 0.000000 0.000000 0.000000 0.000000 
0.000000 0.000000 0.000000 0.000000 0.000000 
0.000000 0.000000 0.000000 0.000000 0.000000 
0.000000 0.000000 0.000000 0.000000 0.000000 
0.000000 0.000000 0.000000 0.000000 0.000000 
0.000000 0.000000 0.000000 0.000000 0.000000 
0.000000 0.000000 0.000000 0.000000 0.000000 
0.000000 0.000000 0.000000 0.000000 0.000000 
0.000000 0.000000 0.000000 0.000000 0.000000 
0.000000 0.000000 0.000000 0.000000 0.000000 
0.000000 0.000000 0.000000 0.000000 0.000000 
0.000000 0.000000 0.000000 0.000000 0.000000 
0.000000 0.000000 0.000000 0.000000 0.000000 
0.000000 0.000000 0.000000 0.000000 0.000000 
0.000000 0.000000 0.000000 0.000000 0.000000 
0.000000 0.000000 0.000000 0.000000 0.000000 
0.000000 0.000000 0.000000 0.000000 0.000000 
0.000000 0.000000 0.000000 0.000000 0.000000 
0.000000 0.000000 0.000000 0.000000 0.000000 
0.000000 0.000000 0.000000 0.000000 0.000000 
0.000000 0.000000 0.000000 0.000000 0.000000 
0.000000 0.000000 0.000000 0.000000 0.000000 
0.000000 0.000000 0.000000 0.000000 0.000000 
0.000000 0.000000 0.000000 0.000000 0.000000 
0.000000 0.000000 0.000000 0.000000 0.000000 
0.000000 0.000000 0.000000 0.000000 0.000000 
0.000000 0.000000 0.000000 0.000000 0.000000 
0.000000 0.000000 0.000000 0.000000 0.000000 
0.000000 0.000000 0.000000 0.000000 0.000000 
0.000000 0.000000 0.000000 0.000000 0.000000 
0.000000 0.000000 0.000000 0.000000 0.000000 
0.000000 0.000000 0.000000 0.000000 0.000000 
0.000000 0.000000 0.000000 0.000000 0.000000 
0.000000 0.000000 0.000000 0.000000 0.000000 
0.000000 0.000000 0.000000 0.000000 0.000000 
0.000000 0.000000 0.000000 0.000000 0.000000 
0.000000 0.000000 0.000000 0.000000 0.000000 
0.000000 0.000000 0.000000 0.000000 0.000000 
0.000000 0.000000 0.000000 0.000000 0.000000 
0.000000 0.000000 0.000000 0.000000 0.000000 
0.000000 0.000000 0.000000 0.000000 0.000000 
0.000000 0.000000 0.000000 0.000000 0.000000 
0.000000 0.000000 0.000000 0.000000 0.000000 
0.000000 0.000000 0.000000 0.000000 0.000000 
0.000000 0.000000 0.000000 0.000000 0.000000 
0.000000 0.000000 0.000000 0.000000 0.000000 
0.000000 0.000000 0.000000 0.000000 0.000000 
0.000000 0.000000 0.000000 0.000000 0.000000 
0.000000 0.000000 0.000000 0.000000 0.000000 
0.000000 0.000000 0.000000 0.000000 0.000000 
0.000000 0.000000 0.000000 0.000000 0.000000 
0.000000 0.000000 0.000000 0.000000 0.000000 
0.000000 0.000000 0.000000 0.000000 0.000000 
0.000000 0.000000 0.000000 0.000000 0.000000 
0.000000 0.000000 0.000000 0.000000 0.000000 
0.000000 0.000000 0.000000 0.000000 0.000000 
0.000000 0.000000 0.000000 0.000000 0.000000 
0.000000 0.000000 0.000000 0.000000 0.000000 
0.000000 0.000000 0.000000 0.000000 0.000000 
0.000000 0.000000 0.000000 0.000000 0.000000 
0.000000 0.000000 0.000000 0.000000 0.000000 
0.000000 0.000000 0.000000 0.000000 0.000000 
0.000000 0.000000 0.000000 0.000000 0.000000 
0.000000 0.000000 0.000000 0.000000 0.000000 
0.000000 0.000000 0.000000 0.000000 0.000000 
0.000000 0.000000 0.000000 0.000000 0.000000 
0.000000 0.000000 0.000000 0.000000 0.000000 
0.000000 0.000000 0.000000 0.000000 0.000000 
0.000000 0.000000 0.000000 0.000000 0.000000 
0.000000 0.000000 0.000000 0.000000 0.000000 
0.000000 0.000000 0.000000 0.000000 0.000000 
0.000000 0.000000 0.000000 0.000000 0.000000 
0.000000 0.000000 0.000000 0.000000 0.000000 
0.000000 0.000000 0.000000 0.000000 0.000000 
0.000000 0.000000 0.000000 0.000000 0.000000 
0.000000 0.000000 0.000000 0.000000 0.000000 
0.000000 0.000000 0.000000 0.000000 0.000000 
0.000000 0.000000 0.000000 0.000000 0.000000 
0.000000 0.000000 0.000000 0.000000 0.000000 
0.000000 0.000000 0.000000 0.000000 0.000000 
0.000000 0.000000 0.000000 0.000000 0.000000 
0.000000 0.000000 0.000000 0.000000 0.000000 
0.000000 0.000000 0.000000 0.000000 0.000000 
0.000000 0.000000 0.000000 0.000000 0.000000 
0.000000 0.000000 0.000000 0.000000 0.000000 
0.000000 0.000000 0.000000 0.000000 0.000000 
0.000000 0.000000 0.000000 0.000000 0.000000 
0.000000 0.000000 0.000000 0.000000 0.000000 
0.000000 0.000000 0.000000 0.000000 0.000000 
0.000000 0.000000 0.000000 0.000000 0.000000 
0.000000 0.000000 0.000000 0.000000 0.000000 
0.000000 0.000000 0.000000 0.000000 0.000000 
0.000000 0.000000 0.000000 0.000000 0.000000 
0.000000 0.000000 0.000000 0.000000 0.000000 
0.000000 0.000000 0.000000 0.000000 0.000000 
0.000000 0.000000 0.000000 0.000000 0.000000 
0.000000 0.000000 0.000000 0.000000 0.000000 
0.000000 0.000000 0.000000 0.000000 0.000000 
0.000000 0.000000 0.000000 0.000000 0.000000 
0.000000 0.000000 0.000000 0.000000 0.000000 
0.000000 0.000000 0.000000 0.000000 0.000000 
0.000000 0.000000 0.000000 0.000000 0.000000 
0.000000 0.000000 0.000000 0.000000 0.000000 
0.000000 0.000000 0.000000 0.000000 0.000000 
0.000000 0.000000 0.000000 0.000000 0.000000 
0.000000 0.000000 0.000000 0.000000 0.000000 
0.000000 0.000000 0.000000 0.000000 0.000000 
0.000000 0.000000 0.000000 0.000000 0.000000 
0.000000 0.000000 0.000000 0.000000 0.000000 
0.000000 0.000000 0.000000 0.000000 0.000000 
0.000000 0.000000 0.000000 0.000000 0.000000 
0.000000 0.000000 0.000000 0.000000 0.000000 
0.000000 0.000000 0.000000 0.000000 0.000000 
0.000000 0.000000 0.000000 0.000000 0.000000 
0.000000 0.000000 0.000000 0.000000 0.000000 
0.000000 0.000000 0.000000 0.000000 0.000000 
0.000000 0.000000 0.000000 0.000000 0.000000 
0.000000 0.000000 0.000000 0.000000 0.000000 
0.000000 0.000000 0.000000 0.000000 0.000000 
0.000000 0.000000 0.000000 0.000000 0.000000 
0.000000 0.000000 0.000000 0.000000 0.000000 
0.000000 0.000000 0.000000 0.000000 0.000000 
0.000000 0.000000 0.000000 0.000000 0.000000 
0.000000 0.000000 0.000000 0.000000 0.000000 
0.000000 0.000000 0.000000 0.000000 0.000000 
0.000000 0.000000 0.000000 0.000000 0.000000 
0.000000 0.000000 0.000000 0.000000 0.000000 
0.000000 0.000000 0.000000 0.000000 0.000000 
0.000000 0.000000 0.000000 0.000000 0.000000 
0.000000 0.000000 0.000000 0.000000 0.000000 
0.000000 0.000000 0.000000 0.000000 0.000000 
0.000000 0.000000 0.000000 0.000000 0.000000 
0.000000 0.000000 0.000000 0.000000 0.000000 
0.000000 0.000000 0.000000 0.000000 0.000000 
0.000000 0.000000 0.000000 0.000000 0.000000 
0.000000 0.000000 0.000000 0.000000 0.000000 
0.000000 0.000000 0.000000 0.000000 0.000000 
0.000000 0.000000 0.000000 0.000000 0.000000 
0.000000 0.000000 0.000000 0.000000 0.000000 
0.000000 0.000000 0.000000 0.000000 0.000000 
0.000000 0.000000 0.000000 0.000000 0.000000 
0.000000 0.000000 0.000000 0.000000 0.000000 
0.000000 0.000000 0.000000 0.000000 0.000000 
0.000000 0.000000 0.000000 0.000000 0.000000 
0.000000 0.000000 0.000000 0.000000 0.000000 
0.000000 0.000000 0.000000 0.000000 0.000000 
0.000000 0.000000 0.000000 0.000000 0.000000 
0.000000 0.000000 0.000000 0.000000 0.000000 
0.000000 0.000000 0.000000 0.000000 0.000000 
0.000000 0.000000 0.000000 0.000000 0.000000 
0.000000 0.000000 0.000000 0.000000 0.000000 
0.000000 0.000000 0.000000 0.000000 0.000000 
0.000000 0.000000 0.000000 0.000000 0.000000 
0.000000 0.000000 0.000000 0.000000 0.000000 
0.000000 0.000000 0.000000 0.000000 0.000000 
0.000000 0.000000 0.000000 0.000000 0.000000 
0.000000 0.000000 0.000000 0.000000 0.000000 
0.000000 0.000000 0.000000 0.000000 0.000000 
0.000000 0.000000 0.000000 0.000000 0.000000 
0.000000 0.000000 0.000000 0.000000 0.000000 
0.000000 0.000000 0.000000 0.000000 0.000000 
0.000000 0.000000 0.000000 0.000000 0.000000 
0.000000 0.000000 0.000000 0.000000 0.000000 
0.000000 0.000000 0.000000 0.000000 0.000000 
0.000000 0.000000 0.000000 0.000000 0.000000 
0.000000 0.000000 0.000000 0.000000 0.000000 
0.000000 0.000000 0.000000 0.000000 0.000000 
0.000000 0.000000 0.000000 0.000000 0.000000 
0.000000 0.000000 0.000000 0.000000 0.000000 
0.000000 0.000000 0.000000 0.000000 0.000000 
0.000000 0.000000 0.000000 0.000000 0.000000 
0.000000 0.000000 0.000000 0.000000 0.000000 
0.000000 0.000000 0.000000 0.000000 0.000000 
0.000000 0.000000 0.000000 0.000000 0.000000 
0.000000 0.000000 0.000000 0.000000 0.000000 
0.000000 0.000000 0.000000 0.000000 0.000000 
0.000000 0.000000 0.000000 0.000000 0.000000 
0.000000 0.000000 0.000000 0.000000 0.000000 
0.000000 0.000000 0.000000 0.000000 0.000000 
0.000000 0.000000 0.000000 0.000000 0.000000 
0.000000 0.000000 0.000000 0.000000 0.000000 
0.000000 0.000000 0.000000 0.000000 0.000000 
0.000000 0.000000 0.000000 0.000000 0.000000 
0.000000 0.000000 0.000000 0.000000 0.000000 
0.000000 0.000000 0.000000 0.000000 0.000000 
0.000000 0.000000 0.000000 0.000000 0.000000 
0.000000 0.000000 0.000000 0.000000 0.000000 
0.000000 0.000000 0.000000 0.000000 0.000000 
0.000000 0.000000 0.000000 0.000000 0.000000 
0.000000 0.000000 0.000000 0.000000 0.000000 
0.000000 0.000000 0.000000 0.000000 0.000000 
0.000000 0.000000 0.000000 0.000000 0.000000 
0.000000 0.000000 0.000000 0.000000 0.000000 
0.000000 0.000000 0.000000 0.000000 0.000000 
0.000000 0.000000 0.000000 0.000000 0.000000 
0.000000 0.000000 0.000000 0.000000 0.000000 
0.000000 0.000000 0.000000 0.000000 0.000000 
0.000000 0.000000 0.000000 0.000000 0.000000 
0.000000 0.000000 0.000000 0.000000 0.000000 
0.000000 0.000000 0.000000 0.000000 0.000000 
0.000000 0.000000 0.000000 0.000000 0.000000 
0.000000 0.000000 0.000000 0.000000 0.000000 
0.000000 0.000000 0.000000 0.000000 0.000000 
0.000000 0.000000 0.000000 0.000000 0.000000 
0.000000 0.000000 0.000000 0.000000 0.000000 
0.000000 0.000000 0.000000 0.000000 0.000000 
0.000000 0.000000 0.000000 0.000000 0.000000 
0.000000 0.000000 0.000000 0.000000 0.000000 
0.000000 0.000000 0.000000 0.000000 0.000000 
0.000000 0.000000 0.000000 0.000000 0.000000 
0.000000 0.000000 0.000000 0.000000 0.000000 
0.000000 0.000000 0.000000 0.000000 0.000000 
0.000000 0.000000 0.000000 0.000000 0.000000 
0.000000 0.000000 0.000000 0.000000 0.000000 
0.000000 0.000000 0.000000 0.000000 0.000000 
0.000000 0.000000 0.000000 0.000000 0.000000 
0.000000 0.000000 0.000000 0.000000 0.000000 
0.000000 0.000000 0.000000 0.000000 0.000000 
0.000000 0.000000 0.000000 0.000000 0.000000 
0.000000 0.000000 0.000000 0.000000 0.000000 
0.000000 0.000000 0.000000 0.000000 0.000000 
0.000000 0.000000 0.000000 0.000000 0.000000 
0.000000 0.000000 0.000000 0.000000 0.000000 
0.000000 0.000000 0.000000 0.000000 0.000000 
0.000000 0.000000 0.000000 0.000000 0.000000 
0.000000 0.000000 0.000000 0.000000 0.000000 
0.000000 0.000000 0.000000 0.000000 0.000000 
0.000000 0.000000 0.000000 0.000000 0.000000 
0.000000 0.000000 0.000000 0.000000 0.000000 
0.000000 0.000000 0.000000 0.000000 0.000000 
0.000000 0.000000 0.000000 0.000000 0.000000 
0.000000 0.000000 0.000000 0.000000 0.000000 
0.000000 0.000000 0.000000 0.000000 0.000000 
0.000000 0.000000 0.000000 0.000000 0.000000 
0.000000 0.000000 0.000000 0.000000 0.000000 
0.000000 0.000000 0.000000 0.000000 0.000000 
0.000000 0.000000 0.000000 0.000000 0.000000 
