1.000000 0.000000 0.300000 0.000000 0.000000 
1.000000 0.090000 0.390000 0.210000 0.000000 
1.000000 0.144000 0.327000 0.273000 0.063000 
1.000000 0.141300 0.291900 0.308100 0.100800 
1.000000 0.129960 0.282990 0.317010 0.122670 
1.000000 0.123885 0.287607 0.312393 0.131904 
1.000000 0.123448 0.294970 0.305030 0.133289 
1.000000 0.125525 0.299934 0.300066 0.131496 
1.000000 0.127638 0.301752 0.298248 0.129468 
1.000000 0.128817 0.301600 0.298400 0.128315 
1.000000 0.129125 0.300810 0.299190 0.128014 
1.000000 0.128980 0.300153 0.299847 0.128161 
1.000000 0.128740 0.299846 0.300154 0.128403 
1.000000 0.128576 0.299806 0.300194 0.128567 
1.000000 0.128515 0.299881 0.300119 0.128628 
1.000000 0.128519 0.299963 0.300037 0.128624 
1.000000 0.128544 0.300009 0.299991 0.128598 
1.000000 0.128566 0.300022 0.299978 0.128577 
1.000000 0.128576 0.300016 0.299984 0.128566 
1.000000 0.128578 0.300007 0.299993 0.128565 
1.000000 0.128575 0.300000 0.300000 0.128567 
1.000000 0.128573 0.299998 0.300002 0.128570 
1.000000 0.128571 0.299998 0.300002 0.128572 
1.000000 0.128571 0.299999 0.300001 0.128572 
1.000000 0.128571 0.300000 0.300000 0.128572 
1.000000 0.128571 0.300000 0.300000 0.128572 
1.000000 0.128571 0.300000 0.300000 0.128571 
1.000000 0.128572 0.300000 0.300000 0.128571 
1.000000 0.128571 0.300000 0.300000 0.128571 
1.000000 0.128571 0.300000 0.300000 0.128571 
1.000000 0.128571 0.300000 0.300000 0.128571 
1.000000 0.128571 0.300000 0.300000 0.128571 
1.000000 0.128571 0.300000 0.300000 0.128571 
1.000000 0.128571 0.300000 0.300000 0.128571 
1.000000 0.128571 0.300000 0.300000 0.128571 
1.000000 0.128571 0.300000 0.300000 0.128571 
1.000000 0.128571 0.300000 0.300000 0.128571 
1.000000 0.128571 0.300000 0.300000 0.128571 
1.000000 0.128571 0.300000 0.300000 0.128571 
1.000000 0.128571 0.300000 0.300000 0.128571 
1.000000 0.128571 0.300000 0.300000 0.128571 
1.000000 0.128571 0.300000 0.300000 0.128571 
1.000000 0.128571 0.300000 0.300000 0.128571 
1.000000 0.128571 0.300000 0.300000 0.128571 
1.000000 0.128571 0.300000 0.300000 0.128571 
1.000000 0.128571 0.300000 0.300000 0.128571 
1.000000 0.128571 0.300000 0.300000 0.128571 
1.000000 0.128571 0.300000 0.300000 0.128571 
1.000000 0.128571 0.300000 0.300000 0.128571 
1.000000 0.128571 0.300000 0.300000 0.128571 
1.000000 0.128571 0.300000 0.300000 0.128571 
1.000000 0.128571 0.300000 0.300000 0.128571 
1.000000 0.128571 0.300000 0.300000 0.128571 
1.000000 0.128571 0.300000 0.300000 0.128571 
1.000000 0.128571 0.300000 0.300000 0.128571 
1.000000 0.128571 0.300000 0.300000 0.128571 
1.000000 0.128571 0.300000 0.300000 0.128571 
1.000000 0.128571 0.300000 0.300000 0.128571 
1.000000 0.128571 0.300000 0.300000 0.128571 
1.000000 0.128571 0.300000 0.300000 0.128571 
1.000000 0.128571 0.300000 0.300000 0.128571 
1.000000 0.128571 0.300000 0.300000 0.128571 
1.000000 0.128571 0.300000 0.300000 0.128571 
1.000000 0.128571 0.300000 0.300000 0.128571 
1.000000 0.128571 0.300000 0.300000 0.128571 
1.000000 0.128571 0.300000 0.300000 0.128571 
1.000000 0.128571 0.300000 0.300000 0.128571 
1.000000 0.128571 0.300000 0.300000 0.128571 
1.000000 0.128571 0.300000 0.300000 0.128571 
1.000000 0.128571 0.300000 0.300000 0.128571 
1.000000 0.128571 0.300000 0.300000 0.128571 
1.000000 0.128571 0.300000 0.300000 0.128571 
1.000000 0.128571 0.300000 0.300000 0.128571 
1.000000 0.128571 0.300000 0.300000 0.128571 
1.000000 0.128571 0.300000 0.300000 0.128571 
1.000000 0.128571 0.300000 0.300000 0.128571 
1.000000 0.128571 0.300000 0.300000 0.128571 
1.000000 0.128571 0.300000 0.300000 0.128571 
1.000000 0.128571 0.300000 0.300000 0.128571 
1.000000 0.128571 0.300000 0.300000 0.128571 
1.000000 0.128571 0.300000 0.300000 0.128571 
1.000000 0.128571 0.300000 0.300000 0.128571 
1.000000 0.128571 0.300000 0.300000 0.128571 
1.000000 0.128571 0.300000 0.300000 0.128571 
1.000000 0.128571 0.300000 0.300000 0.128571 
1.000000 0.128571 0.300000 0.300000 0.128571 
1.000000 0.128571 0.300000 0.300000 0.128571 
1.000000 0.128571 0.300000 0.300000 0.128571 
1.000000 0.128571 0.300000 0.300000 0.128571 
1.000000 0.128571 0.300000 0.300000 0.128571 
1.000000 0.128571 0.300000 0.300000 0.128571 
1.000000 0.128571 0.300000 0.300000 0.128571 
1.000000 0.128571 0.300000 0.300000 0.128571 
1.000000 0.128571 0.300000 0.300000 0.128571 
1.000000 0.128571 0.300000 0.300000 0.128571 
1.000000 0.128571 0.300000 0.300000 0.128571 
1.000000 0.128571 0.300000 0.300000 0.128571 
1.000000 0.128571 0.300000 0.300000 0.128571 
1.000000 0.128571 0.300000 0.300000 0.128571 
1.000000 0.128571 0.300000 0.300000 0.128571 
1.000000 0.128571 0.300000 0.300000 0.128571 
1.000000 0.128571 0.300000 0.300000 0.128571 
1.000000 0.128571 0.300000 0.300000 0.128571 
1.000000 0.128571 0.300000 0.300000 0.128571 
1.000000 0.128571 0.300000 0.300000 0.128571 
1.000000 0.128571 0.300000 0.300000 0.128571 
1.000000 0.128571 0.300000 0.300000 0.128571 
1.000000 0.128571 0.300000 0.300000 0.128571 
1.000000 0.128571 0.300000 0.300000 0.128571 
1.000000 0.128571 0.300000 0.300000 0.128571 
1.000000 0.128571 0.300000 0.300000 0.128571 
1.000000 0.128571 0.300000 0.300000 0.128571 
1.000000 0.128571 0.300000 0.300000 0.128571 
1.000000 0.128571 0.300000 0.300000 0.128571 
1.000000 0.128571 0.300000 0.300000 0.128571 
1.000000 0.128571 0.300000 0.300000 0.128571 
1.000000 0.128571 0.300000 0.300000 0.128571 
1.000000 0.128571 0.300000 0.300000 0.128571 
1.000000 0.128571 0.300000 0.300000 0.128571 
1.000000 0.128571 0.300000 0.300000 0.128571 
1.000000 0.128571 0.300000 0.300000 0.128571 
1.000000 0.128571 0.300000 0.300000 0.128571 
1.000000 0.128571 0.300000 0.300000 0.128571 
1.000000 0.128571 0.300000 0.300000 0.128571 
1.000000 0.128571 0.300000 0.300000 0.128571 
1.000000 0.128571 0.300000 0.300000 0.128571 
1.000000 0.128571 0.300000 0.300000 0.128571 
1.000000 0.128571 0.300000 0.300000 0.128571 
1.000000 0.128571 0.300000 0.300000 0.128571 
1.000000 0.128571 0.300000 0.300000 0.128571 
1.000000 0.128571 0.300000 0.300000 0.128571 
1.000000 0.128571 0.300000 0.300000 0.128571 
1.000000 0.128571 0.300000 0.300000 0.128571 
1.000000 0.128571 0.300000 0.300000 0.128571 
1.000000 0.128571 0.300000 0.300000 0.128571 
1.000000 0.128571 0.300000 0.300000 0.128571 
1.000000 0.128571 0.300000 0.300000 0.128571 
1.000000 0.128571 0.300000 0.300000 0.128571 
1.000000 0.128571 0.300000 0.300000 0.128571 
1.000000 0.128571 0.300000 0.300000 0.128571 
1.000000 0.128571 0.300000 0.300000 0.128571 
1.000000 0.128571 0.300000 0.300000 0.128571 
1.000000 0.128571 0.300000 0.300000 0.128571 
1.000000 0.128571 0.300000 0.300000 0.128571 
1.000000 0.128571 0.300000 0.300000 0.128571 
1.000000 0.128571 0.300000 0.300000 0.128571 
1.000000 0.128571 0.300000 0.300000 0.128571 
1.000000 0.128571 0.300000 0.300000 0.128571 
1.000000 0.128571 0.300000 0.300000 0.128571 
1.000000 0.128571 0.300000 0.300000 0.128571 
1.000000 0.128571 0.300000 0.300000 0.128571 
1.000000 0.128571 0.300000 0.300000 0.128571 
1.000000 0.128571 0.300000 0.300000 0.128571 
1.000000 0.128571 0.300000 0.300000 0.128571 
1.000000 0.128571 0.300000 0.300000 0.128571 
1.000000 0.128571 0.300000 0.300000 0.128571 
1.000000 0.128571 0.300000 0.300000 0.128571 
1.000000 0.128571 0.300000 0.300000 0.128571 
1.000000 0.128571 0.300000 0.300000 0.128571 
1.000000 0.128571 0.300000 0.300000 0.128571 
1.000000 0.128571 0.300000 0.300000 0.128571 
1.000000 0.128571 0.300000 0.300000 0.128571 
1.000000 0.128571 0.300000 0.300000 0.128571 
1.000000 0.128571 0.300000 0.300000 0.128571 
1.000000 0.128571 0.300000 0.300000 0.128571 
1.000000 0.128571 0.300000 0.300000 0.128571 
1.000000 0.128571 0.300000 0.300000 0.128571 
1.000000 0.128571 0.300000 0.300000 0.128571 
1.000000 0.128571 0.300000 0.300000 0.128571 
1.000000 0.128571 0.300000 0.300000 0.128571 
1.000000 0.128571 0.300000 0.300000 0.128571 
1.000000 0.128571 0.300000 0.300000 0.128571 
1.000000 0.128571 0.300000 0.300000 0.128571 
1.000000 0.128571 0.300000 0.300000 0.128571 
1.000000 0.128571 0.300000 0.300000 0.128571 
1.000000 0.128571 0.300000 0.300000 0.128571 
1.000000 0.128571 0.300000 0.300000 0.128571 
1.000000 0.128571 0.300000 0.300000 0.128571 
1.000000 0.128571 0.300000 0.300000 0.128571 
1.000000 0.128571 0.300000 0.300000 0.128571 
1.000000 0.128571 0.300000 0.300000 0.128571 
1.000000 0.128571 0.300000 0.300000 0.128571 
1.000000 0.128571 0.300000 0.300000 0.128571 
1.000000 0.128571 0.300000 0.300000 0.128571 
1.000000 0.128571 0.300000 0.300000 0.128571 
1.000000 0.128571 0.300000 0.300000 0.128571 
1.000000 0.128571 0.300000 0.300000 0.128571 
1.000000 0.128571 0.300000 0.300000 0.128571 
1.000000 0.128571 0.300000 0.300000 0.128571 
1.000000 0.128571 0.300000 0.300000 0.128571 
1.000000 0.128571 0.300000 0.300000 0.128571 
1.000000 0.128571 0.300000 0.300000 0.128571 
1.000000 0.128571 0.300000 0.300000 0.128571 
1.000000 0.128571 0.300000 0.300000 0.128571 
1.000000 0.128571 0.300000 0.300000 0.128571 
1.000000 0.128571 0.300000 0.300000 0.128571 
1.000000 0.128571 0.300000 0.300000 0.128571 
1.000000 0.128571 0.300000 0.300000 0.128571 
1.000000 0.128571 0.300000 0.300000 0.128571 
1.000000 0.128571 0.300000 0.300000 0.128571 
1.000000 0.128571 0.300000 0.300000 0.128571 
1.000000 0.128571 0.300000 0.300000 0.128571 
1.000000 0.128571 0.300000 0.300000 0.128571 
1.000000 0.128571 0.300000 0.300000 0.128571 
1.000000 0.128571 0.300000 0.300000 0.128571 
1.000000 0.128571 0.300000 0.300000 0.128571 
1.000000 0.128571 0.300000 0.300000 0.128571 
1.000000 0.128571 0.300000 0.300000 0.128571 
1.000000 0.128571 0.300000 0.300000 0.128571 
1.000000 0.128571 0.300000 0.300000 0.128571 
1.000000 0.128571 0.300000 0.300000 0.128571 
1.000000 0.128571 0.300000 0.300000 0.128571 
1.000000 0.128571 0.300000 0.300000 0.128571 
1.000000 0.128571 0.300000 0.300000 0.128571 
1.000000 0.128571 0.300000 0.300000 0.128571 
1.000000 0.128571 0.300000 0.300000 0.128571 
1.000000 0.128571 0.300000 0.300000 0.128571 
1.000000 0.128571 0.300000 0.300000 0.128571 
1.000000 0.128571 0.300000 0.300000 0.128571 
1.000000 0.128571 0.300000 0.300000 0.128571 
1.000000 0.128571 0.300000 0.300000 0.128571 
1.000000 0.128571 0.300000 0.300000 0.128571 
1.000000 0.128571 0.300000 0.300000 0.128571 
1.000000 0.128571 0.300000 0.300000 0.128571 
1.000000 0.128571 0.300000 0.300000 0.128571 
1.000000 0.128571 0.300000 0.300000 0.128571 
1.000000 0.128571 0.300000 0.300000 0.128571 
1.000000 0.128571 0.300000 0.300000 0.128571 
1.000000 0.128571 0.300000 0.300000 0.128571 
1.000000 0.128571 0.300000 0.300000 0.128571 
1.000000 0.128571 0.300000 0.300000 0.128571 
1.000000 0.128571 0.300000 0.300000 0.128571 
1.000000 0.128571 0.300000 0.300000 0.128571 
1.000000 0.128571 0.300000 0.300000 0.128571 
1.000000 0.128571 0.300000 0.300000 0.128571 
1.000000 0.128571 0.300000 0.300000 0.128571 
1.000000 0.128571 0.300000 0.300000 0.128571 
1.000000 0.128571 0.300000 0.300000 0.128571 
1.000000 0.128571 0.300000 0.300000 0.128571 
1.000000 0.128571 0.300000 0.300000 0.128571 
1.000000 0.128571 0.300000 0.300000 0.128571 
1.000000 0.128571 0.300000 0.300000 0.128571 
1.000000 0.128571 0.300000 0.300000 0.128571 
1.000000 0.128571 0.300000 0.300000 0.128571 
1.000000 0.128571 0.300000 0.300000 0.128571 
1.000000 0.128571 0.300000 0.300000 0.128571 
1.000000 0.128571 0.300000 0.300000 0.128571 
1.000000 0.128571 0.300000 0.300000 0.128571 
1.000000 0.128571 0.300000 0.300000 0.128571 
1.000000 0.128571 0.300000 0.300000 0.128571 
1.000000 0.128571 0.300000 0.300000 0.128571 
1.000000 0.128571 0.300000 0.300000 0.128571 
1.000000 0.128571 0.300000 0.300000 0.128571 
1.000000 0.128571 0.300000 0.300000 0.128571 
1.000000 0.128571 0.300000 0.300000 0.128571 
1.000000 0.128571 0.300000 0.300000 0.128571 
1.000000 0.128571 0.300000 0.300000 0.128571 
1.000000 0.128571 0.300000 0.300000 0.128571 
1.000000 0.128571 0.300000 0.300000 0.128571 
1.000000 0.128571 0.300000 0.300000 0.128571 
1.000000 0.128571 0.300000 0.300000 0.128571 
1.000000 0.128571 0.300000 0.300000 0.128571 
1.000000 0.128571 0.300000 0.300000 0.128571 
1.000000 0.128571 0.300000 0.300000 0.128571 
1.000000 0.128571 0.300000 0.300000 0.128571 
1.000000 0.128571 0.300000 0.300000 0.128571 
1.000000 0.128571 0.300000 0.300000 0.128571 
1.000000 0.128571 0.300000 0.300000 0.128571 
1.000000 0.128571 0.300000 0.300000 0.128571 
1.000000 0.128571 0.300000 0.300000 0.128571 
1.000000 0.128571 0.300000 0.300000 0.128571 
1.000000 0.128571 0.300000 0.300000 0.128571 
1.000000 0.128571 0.300000 0.300000 0.128571 
1.000000 0.128571 0.300000 0.300000 0.128571 
1.000000 0.128571 0.300000 0.300000 0.128571 
1.000000 0.128571 0.300000 0.300000 0.128571 
1.000000 0.128571 0.300000 0.300000 0.128571 
1.000000 0.128571 0.300000 0.300000 0.128571 
1.000000 0.128571 0.300000 0.300000 0.128571 
1.000000 0.128571 0.300000 0.300000 0.128571 
1.000000 0.128571 0.300000 0.300000 0.128571 
1.000000 0.128571 0.300000 0.300000 0.128571 
1.000000 0.128571 0.300000 0.300000 0.128571 
1.000000 0.128571 0.300000 0.300000 0.128571 
1.000000 0.128571 0.300000 0.300000 0.128571 
1.000000 0.128571 0.300000 0.300000 0.128571 
1.000000 0.128571 0.300000 0.300000 0.128571 
1.000000 0.128571 0.300000 0.300000 0.128571 
1.000000 0.128571 0.300000 0.300000 0.128571 
1.000000 0.128571 0.300000 0.300000 0.128571 
1.000000 0.128571 0.300000 0.300000 0.128571 
1.000000 0.128571 0.300000 0.300000 0.128571 
1.000000 0.128571 0.300000 0.300000 0.128571 
1.000000 0.128571 0.300000 0.300000 0.128571 
1.000000 0.128571 0.300000 0.300000 0.128571 
1.000000 0.128571 0.300000 0.300000 0.128571 
1.000000 0.128571 0.300000 0.300000 0.128571 
1.000000 0.128571 0.300000 0.300000 0.128571 
1.000000 0.128571 0.300000 0.300000 0.128571 
1.000000 0.128571 0.300000 0.300000 0.128571 
1.000000 0.128571 0.300000 0.300000 0.128571 
1.000000 0.128571 0.300000 0.300000 0.128571 
1.000000 0.128571 0.300000 0.300000 0.128571 
1.000000 0.128571 0.300000 0.300000 0.128571 
1.000000 0.128571 0.300000 0.300000 0.128571 
1.000000 0.128571 0.300000 0.300000 0.128571 
1.000000 0.128571 0.300000 0.300000 0.128571 
1.000000 0.128571 0.300000 0.300000 0.128571 
1.000000 0.128571 0.300000 0.300000 0.128571 
1.000000 0.128571 0.300000 0.300000 0.128571 
1.000000 0.128571 0.300000 0.300000 0.128571 
1.000000 0.128571 0.300000 0.300000 0.128571 
1.000000 0.128571 0.300000 0.300000 0.128571 
1.000000 0.128571 0.300000 0.300000 0.128571 
1.000000 0.128571 0.300000 0.300000 0.128571 
1.000000 0.128571 0.300000 0.300000 0.128571 
1.000000 0.128571 0.300000 0.300000 0.128571 
1.000000 0.128571 0.300000 0.300000 0.128571 
1.000000 0.128571 0.300000 0.300000 0.128571 
1.000000 0.128571 0.300000 0.300000 0.128571 
1.000000 0.128571 0.300000 0.300000 0.128571 
1.000000 0.128571 0.300000 0.300000 0.128571 
1.000000 0.128571 0.300000 0.300000 0.128571 
1.000000 0.128571 0.300000 0.300000 0.128571 
1.000000 0.128571 0.300000 0.300000 0.128571 
1.000000 0.128571 0.300000 0.300000 0.128571 
1.000000 0.128571 0.300000 0.300000 0.128571 
1.000000 0.128571 0.300000 0.300000 0.128571 
1.000000 0.128571 0.300000 0.300000 0.128571 
1.000000 0.128571 0.300000 0.300000 0.128571 
1.000000 0.128571 0.300000 0.300000 0.128571 
1.000000 0.128571 0.300000 0.300000 0.128571 
1.000000 0.128571 0.300000 0.300000 0.128571 
1.000000 0.128571 0.300000 0.300000 0.128571 
1.000000 0.128571 0.300000 0.300000 0.128571 
1.000000 0.128571 0.300000 0.300000 0.128571 
1.000000 0.128571 0.300000 0.300000 0.128571 
1.000000 0.128571 0.300000 0.300000 0.128571 
1.000000 0.128571 0.300000 0.300000 0.128571 
1.000000 0.128571 0.300000 0.300000 0.128571 
1.000000 0.128571 0.300000 0.300000 0.128571 
1.000000 0.128571 0.300000 0.300000 0.128571 
1.000000 0.128571 0.300000 0.300000 0.128571 
1.000000 0.128571 0.300000 0.300000 0.128571 
1.000000 0.128571 0.300000 0.300000 0.128571 
1.000000 0.128571 0.300000 0.300000 0.128571 
1.000000 0.128571 0.300000 0.300000 0.128571 
1.000000 0.128571 0.300000 0.300000 0.128571 
1.000000 0.128571 0.300000 0.300000 0.128571 
1.000000 0.128571 0.300000 0.300000 0.128571 
1.000000 0.128571 0.300000 0.300000 0.128571 
1.000000 0.128571 0.300000 0.300000 0.128571 
1.000000 0.128571 0.300000 0.300000 0.128571 
1.000000 0.128571 0.300000 0.300000 0.128571 
1.000000 0.128571 0.300000 0.300000 0.128571 
1.000000 0.128571 0.300000 0.300000 0.128571 
1.000000 0.128571 0.300000 0.300000 0.128571 
1.000000 0.128571 0.300000 0.300000 0.128571 
1.000000 0.128571 0.300000 0.300000 0.128571 
1.000000 0.128571 0.300000 0.300000 0.128571 
1.000000 0.128571 0.300000 0.300000 0.128571 
1.000000 0.128571 0.300000 0.300000 0.128571 
1.000000 0.128571 0.300000 0.300000 0.128571 
1.000000 0.128571 0.300000 0.300000 0.128571 
1.000000 0.128571 0.300000 0.300000 0.128571 
1.000000 0.128571 0.300000 0.300000 0.128571 
1.000000 0.128571 0.300000 0.300000 0.128571 
1.000000 0.128571 0.300000 0.300000 0.128571 
1.000000 0.128571 0.300000 0.300000 0.128571 
1.000000 0.128571 0.300000 0.300000 0.128571 
1.000000 0.128571 0.300000 0.300000 0.128571 
1.000000 0.128571 0.300000 0.300000 0.128571 
1.000000 0.128571 0.300000 0.300000 0.128571 
1.000000 0.128571 0.300000 0.300000 0.128571 
1.000000 0.128571 0.300000 0.300000 0.128571 
1.000000 0.128571 0.300000 0.300000 0.128571 
1.000000 0.128571 0.300000 0.300000 0.128571 
1.000000 0.128571 0.300000 0.300000 0.128571 
1.000000 0.128571 0.300000 0.300000 0.128571 
1.000000 0.128571 0.300000 0.300000 0.128571 
1.000000 0.128571 0.300000 0.300000 0.128571 
1.000000 0.128571 0.300000 0.300000 0.128571 
1.000000 0.128571 0.300000 0.300000 0.128571 
1.000000 0.128571 0.300000 0.300000 0.128571 
1.000000 0.128571 0.300000 0.300000 0.128571 
1.000000 0.128571 0.300000 0.300000 0.128571 
1.000000 0.128571 0.300000 0.300000 0.128571 
1.000000 0.128571 0.300000 0.300000 0.128571 
1.000000 0.128571 0.300000 0.300000 0.128571 
1.000000 0.128571 0.300000 0.300000 0.128571 
1.000000 0.128571 0.300000 0.300000 0.128571 
1.000000 0.128571 0.300000 0.300000 0.128571 
1.000000 0.128571 0.300000 0.300000 0.128571 
1.000000 0.128571 0.300000 0.300000 0.128571 
1.000000 0.128571 0.300000 0.300000 0.128571 
1.000000 0.128571 0.300000 0.300000 0.128571 
1.000000 0.128571 0.300000 0.300000 0.128571 
1.000000 0.128571 0.300000 0.300000 0.128571 
1.000000 0.128571 0.300000 0.300000 0.128571 
1.000000 0.128571 0.300000 0.300000 0.128571 
1.000000 0.128571 0.300000 0.300000 0.128571 
1.000000 0.128571 0.300000 0.300000 0.128571 
1.000000 0.128571 0.300000 0.300000 0.128571 
1.000000 0.128571 0.300000 0.300000 0.128571 
1.000000 0.128571 0.300000 0.300000 0.128571 
1.000000 0.128571 0.300000 0.300000 0.128571 
1.000000 0.128571 0.300000 0.300000 0.128571 
1.000000 0.128571 0.300000 0.300000 0.128571 
1.000000 0.128571 0.300000 0.300000 0.128571 
1.000000 0.128571 0.300000 0.300000 0.128571 
1.000000 0.128571 0.300000 0.300000 0.128571 
1.000000 0.128571 0.300000 0.300000 0.128571 
1.000000 0.128571 0.300000 0.300000 0.128571 
1.000000 0.128571 0.300000 0.300000 0.128571 
1.000000 0.128571 0.300000 0.300000 0.128571 
1.000000 0.128571 0.300000 0.300000 0.128571 
1.000000 0.128571 0.300000 0.300000 0.128571 
1.000000 0.128571 0.300000 0.300000 0.128571 
1.000000 0.128571 0.300000 0.300000 0.128571 
1.000000 0.128571 0.300000 0.300000 0.128571 
1.000000 0.128571 0.300000 0.300000 0.128571 
1.000000 0.128571 0.300000 0.300000 0.128571 
1.000000 0.128571 0.300000 0.300000 0.128571 
1.000000 0.128571 0.300000 0.300000 0.128571 
1.000000 0.128571 0.300000 0.300000 0.128571 
1.000000 0.128571 0.300000 0.300000 0.128571 
1.000000 0.128571 0.300000 0.300000 0.128571 
1.000000 0.128571 0.300000 0.300000 0.128571 
1.000000 0.128571 0.300000 0.300000 0.128571 
1.000000 0.128571 0.300000 0.300000 0.128571 
1.000000 0.128571 0.300000 0.300000 0.128571 
1.000000 0.128571 0.300000 0.300000 0.128571 
1.000000 0.128571 0.300000 0.300000 0.128571 
1.000000 0.128571 0.300000 0.300000 0.128571 
1.000000 0.128571 0.300000 0.300000 0.128571 
1.000000 0.128571 0.300000 0.300000 0.128571 
1.000000 0.128571 0.300000 0.300000 0.128571 
1.000000 0.128571 0.300000 0.300000 0.128571 
1.000000 0.128571 0.300000 0.300000 0.128571 
1.000000 0.128571 0.300000 0.300000 0.128571 
1.000000 0.128571 0.300000 0.300000 0.128571 
1.000000 0.128571 0.300000 0.300000 0.128571 
1.000000 0.128571 0.300000 0.300000 0.128571 
1.000000 0.128571 0.300000 0.300000 0.128571 
1.000000 0.128571 0.300000 0.300000 0.128571 
1.000000 0.128571 0.300000 0.300000 0.128571 
1.000000 0.128571 0.300000 0.300000 0.128571 
1.000000 0.128571 0.300000 0.300000 0.128571 
1.000000 0.128571 0.300000 0.300000 0.128571 
1.000000 0.128571 0.300000 0.300000 0.128571 
1.000000 0.128571 0.300000 0.300000 0.128571 
1.000000 0.128571 0.300000 0.300000 0.128571 
1.000000 0.128571 0.300000 0.300000 0.128571 
1.000000 0.128571 0.300000 0.300000 0.128571 
1.000000 0.128571 0.300000 0.300000 0.128571 
1.000000 0.128571 0.300000 0.300000 0.128571 
1.000000 0.128571 0.300000 0.300000 0.128571 
1.000000 0.128571 0.300000 0.300000 0.128571 
1.000000 0.128571 0.300000 0.300000 0.128571 
1.000000 0.128571 0.300000 0.300000 0.128571 
1.000000 0.128571 0.300000 0.300000 0.128571 
1.000000 0.128571 0.300000 0.300000 0.128571 
1.000000 0.128571 0.300000 0.300000 0.128571 
1.000000 0.128571 0.300000 0.300000 0.128571 
1.000000 0.128571 0.300000 0.300000 0.128571 
1.000000 0.128571 0.300000 0.300000 0.128571 
1.000000 0.128571 0.300000 0.300000 0.128571 
1.000000 0.128571 0.300000 0.300000 0.128571 
1.000000 0.128571 0.300000 0.300000 0.128571 
1.000000 0.128571 0.300000 0.300000 0.128571 
1.000000 0.128571 0.300000 0.300000 0.128571 
1.000000 0.128571 0.300000 0.300000 0.128571 
1.000000 0.128571 0.300000 0.300000 0.128571 
1.000000 0.128571 0.300000 0.300000 0.128571 
1.000000 0.128571 0.300000 0.300000 0.128571 
1.000000 0.128571 0.300000 0.300000 0.128571 
1.000000 0.128571 0.300000 0.300000 0.128571 
1.000000 0.128571 0.300000 0.300000 0.128571 
1.000000 0.128571 0.300000 0.300000 0.128571 
1.000000 0.128571 0.300000 0.300000 0.128571 
1.000000 0.128571 0.300000 0.300000 0.128571 
1.000000 0.128571 0.300000 0.300000 0.128571 
1.000000 0.128571 0.300000 0.300000 0.128571 
1.000000 0.128571 0.300000 0.300000 0.128571 
1.000000 0.128571 0.300000 0.300000 0.128571 
1.000000 0.128571 0.300000 0.300000 0.128571 
1.000000 0.128571 0.300000 0.300000 0.128571 
1.000000 0.128571 0.300000 0.300000 0.128571 
1.000000 0.128571 0.300000 0.300000 0.128571 
1.000000 0.128571 0.300000 0.300000 0.128571 
1.000000 0.128571 0.300000 0.300000 0.128571 
1.000000 0.128571 0.300000 0.300000 0.128571 
1.000000 0.128571 0.300000 0.300000 0.128571 
1.000000 0.128571 0.300000 0.300000 0.128571 
1.000000 0.128571 0.300000 0.300000 0.128571 
1.000000 0.128571 0.300000 0.300000 0.128571 
1.000000 0.128571 0.300000 0.300000 0.128571 
1.000000 0.128571 0.300000 0.300000 0.128571 
1.000000 0.128571 0.300000 0.300000 0.128571 
1.000000 0.128571 0.300000 0.300000 0.128571 
0.000000 0.128571 0.300000 0.300000 0.128571 
0.000000 0.128571 0.000000 0.000000 0.128571 
0.000000 0.038571 0.000000 0.000000 0.038571 
0.000000 0.011571 0.000000 0.000000 0.011571 
0.000000 0.003471 0.000000 0.000000 0.003471 
0.000000 0.001041 0.000000 0.000000 0.001041 
0.000000 0.000312 0.000000 0.000000 0.000312 
0.000000 0.000094 0.000000 0.000000 0.000094 
0.000000 0.000028 0.000000 0.000000 0.000028 
0.000000 0.000008 0.000000 0.000000 0.000008 
0.000000 0.000003 0.000000 0.000000 0.000003 
0.000000 0.000001 0.000000 0.000000 0.000001 
0.000000 0.000000 0.000000 0.000000 0.000000 
0.000000 0.000000 0.000000 0.000000 0.000000 
0.000000 0.000000 0.000000 0.000000 0.000000 
0.000000 0.000000 0.000000 0.000000 0.000000 
0.000000 0.000000 0.000000 0.000000 0.000000 
0.000000 0.000000 0.000000 0.000000 0.000000 
0.000000 0.000000 0.000000 0.000000 0.000000 
0.000000 0.000000 0.000000 0.000000 0.000000 
0.000000 0.000000 0.000000 0.000000 0.000000 
0.000000 0.000000 0.000000 0.000000 0.000000 
0.000000 0.000000 0.000000 0.000000 0.000000 
0.000000 0.000000 0.000000 0.000000 0.000000 
0.000000 0.000000 0.000000 0.000000 0.000000 
0.000000 0.000000 0.000000 0.000000 0.000000 
0.000000 0.000000 0.000000 0.000000 0.000000 
0.000000 0.000000 0.000000 0.000000 0.000000 
0.000000 0.000000 0.000000 0.000000 0.000000 
0.000000 0.000000 0.000000 0.000000 0.000000 
0.000000 0.000000 0.000000 0.000000 0.000000 
0.000000 0.000000 0.000000 0.000000 0.000000 
0.000000 0.000000 0.000000 0.000000 0.000000 
0.000000 0.000000 0.000000 0.000000 0.000000 
0.000000 0.000000 0.000000 0.000000 0.000000 
0.000000 0.000000 0.000000 0.000000 0.000000 
0.000000 0.000000 0.000000 0.000000 0.000000 
0.000000 0.000000 0.000000 0.000000 0.000000 
0.000000 0.000000 0.000000 0.000000 0.000000 
0.000000 0.000000 0.000000 0.000000 0.000000 
0.000000 0.000000 0.000000 0.000000 0.000000 
0.000000 0.000000 0.000000 0.000000 0.000000 
0.000000 0.000000 0.000000 0.000000 0.000000 
0.000000 0.000000 0.000000 0.000000 0.000000 
0.000000 0.000000 0.000000 0.000000 0.000000 
0.000000 0.000000 0.000000 0.000000 0.000000 
0.000000 0.000000 0.000000 0.000000 0.000000 
0.000000 0.000000 0.000000 0.000000 0.000000 
0.000000 0.000000 0.000000 0.000000 0.000000 
0.000000 0.000000 0.000000 0.000000 0.000000 
0.000000 0.000000 0.000000 0.000000 0.000000 
0.000000 0.000000 0.000000 0.000000 0.000000 
0.000000 0.000000 0.000000 0.000000 0.000000 
0.000000 0.000000 0.000000 0.000000 0.000000 
0.000000 0.000000 0.000000 0.000000 0.000000 
0.000000 0.000000 0.000000 0.000000 0.000000 
0.000000 0.000000 0.000000 0.000000 0.000000 
0.000000 0.000000 0.000000 0.000000 0.000000 
0.000000 0.000000 0.000000 0.000000 0.000000 
0.000000 0.000000 0.000000 0.000000 0.000000 
0.000000 0.000000 0.000000 0.000000 0.000000 
0.000000 0.000000 0.000000 0.000000 0.000000 
0.000000 0.000000 0.000000 0.000000 0.000000 
0.000000 0.000000 0.000000 0.000000 0.000000 
0.000000 0.000000 0.000000 0.000000 0.000000 
0.000000 0.000000 0.000000 0.000000 0.000000 
0.000000 0.000000 0.000000 0.000000 0.000000 
0.000000 0.000000 0.000000 0.000000 0.000000 
0.000000 0.000000 0.000000 0.000000 0.000000 
0.000000 0.000000 0.000000 0.000000 0.000000 
0.000000 0.000000 0.000000 0.000000 0.000000 
0.000000 0.000000 0.000000 0.000000 0.000000 
0.000000 0.000000 0.000000 0.000000 0.000000 
0.000000 0.000000 0.000000 0.000000 0.000000 
0.000000 0.000000 0.000000 0.000000 0.000000 
0.000000 0.000000 0.000000 0.000000 0.000000 
0.000000 0.000000 0.000000 0.000000 0.000000 
0.000000 0.000000 0.000000 0.000000 0.000000 
0.000000 0.000000 0.000000 0.000000 0.000000 
0.000000 0.000000 0.000000 0.000000 0.000000 
0.000000 0.000000 0.000000 0.000000 0.000000 
0.000000 0.000000 0.000000 0.000000 0.000000 
0.000000 0.000000 0.000000 0.000000 0.000000 
0.000000 0.000000 0.000000 0.000000 0.000000 
0.000000 0.000000 0.000000 0.000000 0.000000 
0.000000 0.000000 0.000000 0.000000 0.000000 
0.000000 0.000000 0.000000 0.000000 0.000000 
0.000000 0.000000 0.000000 0.000000 0.000000 
0.000000 0.000000 0.000000 0.000000 0.000000 
0.000000 0.000000 0.000000 0.000000 0.000000 
0.000000 0.000000 0.000000 0.000000 0.000000 
0.000000 0.000000 0.000000 0.000000 0.000000 
0.000000 0.000000 0.000000 0.000000 0.000000 
0.000000 0.000000 0.000000 0.000000 0.000000 
0.000000 0.000000 0.000000 0.000000 0.000000 
0.000000 0.000000 0.000000 0.000000 0.000000 
0.000000 0.000000 0.000000 0.000000 0.000000 
0.000000 0.000000 0.000000 0.000000 0.000000 
0.000000 0.000000 0.000000 0.000000 0.000000 
0.000000 0.000000 0.000000 0.000000 0.000000 
0.000000 0.000000 0.000000 0.000000 0.000000 
0.000000 0.000000 0.000000 0.000000 0.000000 
0.000000 0.000000 0.000000 0.000000 0.000000 
0.000000 0.000000 0.000000 0.000000 0.000000 
0.000000 0.000000 0.000000 0.000000 0.000000 
0.000000 0.000000 0.000000 0.000000 0.000000 
0.000000 0.000000 0.000000 0.000000 0.000000 
0.000000 0.000000 0.000000 0.000000 0.000000 
0.000000 0.000000 0.000000 0.000000 0.000000 
0.000000 0.000000 0.000000 0.000000 0.000000 
0.000000 0.000000 0.000000 0.000000 0.000000 
0.000000 0.000000 0.000000 0.000000 0.000000 
0.000000 0.000000 0.000000 0.000000 0.000000 
0.000000 0.000000 0.000000 0.000000 0.000000 
0.000000 0.000000 0.000000 0.000000 0.000000 
0.000000 0.000000 0.000000 0.000000 0.000000 
0.000000 0.000000 0.000000 0.000000 0.000000 
0.000000 0.000000 0.000000 0.000000 0.000000 
0.000000 0.000000 0.000000 0.000000 0.000000 
0.000000 0.000000 0.000000 0.000000 0.000000 
0.000000 0.000000 0.000000 0.000000 0.000000 
0.000000 0.000000 0.000000 0.000000 0.000000 
0.000000 0.000000 0.000000 0.000000 0.000000 
0.000000 0.000000 0.000000 0.000000 0.000000 
0.000000 0.000000 0.000000 0.000000 0.000000 
0.000000 0.000000 0.000000 0.000000 0.000000 
0.000000 0.000000 0.000000 0.000000 0.000000 
0.000000 0.000000 0.000000 0.000000 0.000000 
0.000000 0.000000 0.000000 0.000000 0.000000 
0.000000 0.000000 0.000000 0.000000 0.000000 
0.000000 0.000000 0.000000 0.000000 0.000000 
0.000000 0.000000 0.000000 0.000000 0.000000 
0.000000 0.000000 0.000000 0.000000 0.000000 
0.000000 0.000000 0.000000 0.000000 0.000000 
0.000000 0.000000 0.000000 0.000000 0.000000 
0.000000 0.000000 0.000000 0.000000 0.000000 
0.000000 0.000000 0.000000 0.000000 0.000000 
0.000000 0.000000 0.000000 0.000000 0.000000 
0.000000 0.000000 0.000000 0.000000 0.000000 
0.000000 0.000000 0.000000 0.000000 0.000000 
0.000000 0.000000 0.000000 0.000000 0.000000 
0.000000 0.000000 0.000000 0.000000 0.000000 
0.000000 0.000000 0.000000 0.000000 0.000000 
0.000000 0.000000 0.000000 0.000000 0.000000 
0.000000 0.000000 0.000000 0.000000 0.000000 
0.000000 0.000000 0.000000 0.000000 0.000000 
0.000000 0.000000 0.000000 0.000000 0.000000 
0.000000 0.000000 0.000000 0.000000 0.000000 
0.000000 0.000000 0.000000 0.000000 0.000000 
0.000000 0.000000 0.000000 0.000000 0.000000 
0.000000 0.000000 0.000000 0.000000 0.000000 
0.000000 0.000000 0.000000 0.000000 0.000000 
0.000000 0.000000 0.000000 0.000000 0.000000 
0.000000 0.000000 0.000000 0.000000 0.000000 
0.000000 0.000000 0.000000 0.000000 0.000000 
0.000000 0.000000 0.000000 0.000000 0.000000 
0.000000 0.000000 0.000000 0.000000 0.000000 
0.000000 0.000000 0.000000 0.000000 0.000000 
0.000000 0.000000 0.000000 0.000000 0.000000 
0.000000 0.000000 0.000000 0.000000 0.000000 
0.000000 0.000000 0.000000 0.000000 0.000000 
0.000000 0.000000 0.000000 0.000000 0.000000 
0.000000 0.000000 0.000000 0.000000 0.000000 
0.000000 0.000000 0.000000 0.000000 0.000000 
0.000000 0.000000 0.000000 0.000000 0.000000 
0.000000 0.000000 0.000000 0.000000 0.000000 
0.000000 0.000000 0.000000 0.000000 0.000000 
0.000000 0.000000 0.000000 0.000000 0.000000 
0.000000 0.000000 0.000000 0.000000 0.000000 
0.000000 0.000000 0.000000 0.000000 0.000000 
0.000000 0.000000 0.000000 0.000000 0.000000 
0.000000 0.000000 0.000000 0.000000 0.000000 
0.000000 0.000000 0.000000 0.000000 0.000000 
0.000000 0.000000 0.000000 0.000000 0.000000 
0.000000 0.000000 0.000000 0.000000 0.000000 
0.000000 0.000000 0.000000 0.000000 0.000000 
0.000000 0.000000 0.000000 0.000000 0.000000 
0.000000 0.000000 0.000000 0.000000 0.000000 
0.000000 0.000000 0.000000 0.000000 0.000000 
0.000000 0.000000 0.000000 0.000000 0.000000 
0.000000 0.000000 0.000000 0.000000 0.000000 
0.000000 0.000000 0.000000 0.000000 0.000000 
0.000000 0.000000 0.000000 0.000000 0.000000 
0.000000 0.000000 0.000000 0.000000 0.000000 
0.000000 0.000000 0.000000 0.000000 0.000000 
0.000000 0.000000 0.000000 0.000000 0.000000 
0.000000 0.000000 0.000000 0.000000 0.000000 
0.000000 0.000000 0.000000 0.000000 0.000000 
0.000000 0.000000 0.000000 0.000000 0.000000 
0.000000 0.000000 0.000000 0.000000 0.000000 
0.000000 0.000000 0.000000 0.000000 0.000000 
0.000000 0.000000 0.000000 0.000000 0.000000 
0.000000 0.000000 0.000000 0.000000 0.000000 
0.000000 0.000000 0.000000 0.000000 0.000000 
0.000000 0.000000 0.000000 0.000000 0.000000 
0.000000 0.000000 0.000000 0.000000 0.000000 
0.000000 0.000000 0.000000 0.000000 0.000000 
0.000000 0.000000 0.000000 0.000000 0.000000 
0.000000 0.000000 0.000000 0.000000 0.000000 
0.000000 0.000000 0.000000 0.000000 0.000000 
0.000000 0.000000 0.000000 0.000000 0.000000 
0.000000 0.000000 0.000000 0.000000 0.000000 
0.000000 0.000000 0.000000 0.000000 0.000000 
0.000000 0.000000 0.000000 0.000000 0.000000 
0.000000 0.000000 0.000000 0.000000 0.000000 
0.000000 0.000000 0.000000 0.000000 0.000000 
0.000000 0.000000 0.000000 0.000000 0.000000 
0.000000 0.000000 0.000000 0.000000 0.000000 
0.000000 0.000000 0.000000 0.000000 0.000000 
0.000000 0.000000 0.000000 0.000000 0.000000 
0.000000 0.000000 0.000000 0.000000 0.000000 
0.000000 0.000000 0.000000 0.000000 0.000000 
0.000000 0.000000 0.000000 0.000000 0.000000 
0.000000 0.000000 0.000000 0.000000 0.000000 
0.000000 0.000000 0.000000 0.000000 0.000000 
0.000000 0.000000 0.000000 0.000000 0.000000 
0.000000 0.000000 0.000000 0.000000 0.000000 
0.000000 0.000000 0.000000 0.000000 0.000000 
0.000000 0.000000 0.000000 0.000000 0.000000 
0.000000 0.000000 0.000000 0.000000 0.000000 
0.000000 0.000000 0.000000 0.000000 0.000000 
0.000000 0.000000 0.000000 0.000000 0.000000 
0.000000 0.000000 0.000000 0.000000 0.000000 
0.000000 0.000000 0.000000 0.000000 0.000000 
0.000000 0.000000 0.000000 0.000000 0.000000 
0.000000 0.000000 0.000000 0.000000 0.000000 
0.000000 0.000000 0.000000 0.000000 0.000000 
0.000000 0.000000 0.000000 0.000000 0.000000 
0.000000 0.000000 0.000000 0.000000 0.000000 
0.000000 0.000000 0.000000 0.000000 0.000000 
0.000000 0.000000 0.000000 0.000000 0.000000 
0.000000 0.000000 0.000000 0.000000 0.000000 
0.000000 0.000000 0.000000 0.000000 0.000000 
0.000000 0.000000 0.000000 0.000000 0.000000 
0.000000 0.000000 0.000000 0.000000 0.000000 
0.000000 0.000000 0.000000 0.000000 0.000000 
0.000000 0.000000 0.000000 0.000000 0.000000 
0.000000 0.000000 0.000000 0.000000 0.000000 
0.000000 0.000000 0.000000 0.000000 0.000000 
0.000000 0.000000 0.000000 0.000000 0.000000 
0.000000 0.000000 0.000000 0.000000 0.000000 
0.000000 0.000000 0.000000 0.000000 0.000000 
0.000000 0.000000 0.000000 0.000000 0.000000 
0.000000 0.000000 0.000000 0.000000 0.000000 
0.000000 0.000000 0.000000 0.000000 0.000000 
0.000000 0.000000 0.000000 0.000000 0.000000 
0.000000 0.000000 0.000000 0.000000 0.000000 
0.000000 0.000000 0.000000 0.000000 0.000000 
0.000000 0.000000 0.000000 0.000000 0.000000 
0.000000 0.000000 0.000000 0.000000 0.000000 
0.000000 0.000000 0.000000 0.000000 0.000000 
0.000000 0.000000 0.000000 0.000000 0.000000 
0.000000 0.000000 0.000000 0.000000 0.000000 
0.000000 0.000000 0.000000 0.000000 0.000000 
0.000000 0.000000 0.000000 0.000000 0.000000 
0.000000 0.000000 0.000000 0.000000 0.000000 
0.000000 0.000000 0.000000 0.000000 0.000000 
0.000000 0.000000 0.000000 0.000000 0.000000 
0.000000 0.000000 0.000000 0.000000 0.000000 
0.000000 0.000000 0.000000 0.000000 0.000000 
0.000000 0.000000 0.000000 0.000000 0.000000 
0.000000 0.000000 0.000000 0.000000 0.000000 
0.000000 0.000000 0.000000 0.000000 0.000000 
0.000000 0.000000 0.000000 0.000000 0.000000 
0.000000 0.000000 0.000000 0.000000 0.000000 
0.000000 0.000000 0.000000 0.000000 0.000000 
0.000000 0.000000 0.000000 0.000000 0.000000 
0.000000 0.000000 0.000000 0.000000 0.000000 
0.000000 0.000000 0.000000 0.000000 0.000000 
0.000000 0.000000 0.000000 0.000000 0.000000 
0.000000 0.000000 0.000000 0.000000 0.000000 
0.000000 0.000000 0.000000 0.000000 0.000000 
0.000000 0.000000 0.000000 0.000000 0.000000 
0.000000 0.000000 0.000000 0.000000 0.000000 
0.000000 0.000000 0.000000 0.000000 0.000000 
0.000000 0.000000 0.000000 0.000000 0.000000 
0.000000 0.000000 0.000000 0.000000 0.000000 
0.000000 0.000000 0.000000 0.000000 0.000000 
0.000000 0.000000 0.000000 0.000000 0.000000 
0.000000 0.000000 0.000000 0.000000 0.000000 
0.000000 0.000000 0.000000 0.000000 0.000000 
0.000000 0.000000 0.000000 0.000000 0.000000 
0.000000 0.000000 0.000000 0.000000 0.000000 
0.000000 0.000000 0.000000 0.000000 0.000000 
0.000000 0.000000 0.000000 0.000000 0.000000 
0.000000 0.000000 0.000000 0.000000 0.000000 
0.000000 0.000000 0.000000 0.000000 0.000000 
0.000000 0.000000 0.000000 0.000000 0.000000 
0.000000 0.000000 0.000000 0.000000 0.000000 
0.000000 0.000000 0.000000 0.000000 0.000000 
0.000000 0.000000 0.000000 0.000000 0.000000 
0.000000 0.000000 0.000000 0.000000 0.000000 
0.000000 0.000000 0.000000 0.000000 0.000000 
0.000000 0.000000 0.000000 0.000000 0.000000 
0.000000 0.000000 0.000000 0.000000 0.000000 
0.000000 0.000000 0.000000 0.000000 0.000000 
0.000000 0.000000 0.000000 0.000000 0.000000 
0.000000 0.000000 0.000000 0.000000 0.000000 
0.000000 0.000000 0.000000 0.000000 0.000000 
0.000000 0.000000 0.000000 0.000000 0.000000 
0.000000 0.000000 0.000000 0.000000 0.000000 
0.000000 0.000000 0.000000 0.000000 0.000000 
0.000000 0.000000 0.000000 0.000000 0.000000 
0.000000 0.000000 0.000000 0.000000 0.000000 
0.000000 0.000000 0.000000 0.000000 0.000000 
0.000000 0.000000 0.000000 0.000000 0.000000 
0.000000 0.000000 0.000000 0.000000 0.000000 
0.000000 0.000000 0.000000 0.000000 0.000000 
0.000000 0.000000 0.000000 0.000000 0.000000 
0.000000 0.000000 0.000000 0.000000 0.000000 
0.000000 0.000000 0.000000 0.000000 0.000000 
0.000000 0.000000 0.000000 0.000000 0.000000 
0.000000 0.000000 0.000000 0.000000 0.000000 
0.000000 0.000000 0.000000 0.000000 0.000000 
0.000000 0.000000 0.000000 0.000000 0.000000 
0.000000 0.000000 0.000000 0.000000 0.000000 
0.000000 0.000000 0.000000 0.000000 0.000000 
0.000000 0.000000 0.000000 0.000000 0.000000 
0.000000 0.000000 0.000000 0.000000 0.000000 
0.000000 0.000000 0.000000 0.000000 0.000000 
0.000000 0.000000 0.000000 0.000000 0.000000 
0.000000 0.000000 0.000000 0.000000 0.000000 
0.000000 0.000000 0.000000 0.000000 0.000000 
0.000000 0.000000 0.000000 0.000000 0.000000 
0.000000 0.000000 0.000000 0.000000 0.000000 
0.000000 0.000000 0.000000 0.000000 0.000000 
0.000000 0.000000 0.000000 0.000000 0.000000 
0.000000 0.000000 0.000000 0.000000 0.000000 
0.000000 0.000000 0.000000 0.000000 0.000000 
0.000000 0.000000 0.000000 0.000000 0.000000 
0.000000 0.000000 0.000000 0.000000 0.000000 
0.000000 0.000000 0.000000 0.000000 0.000000 
0.000000 0.000000 0.000000 0.000000 0.000000 
0.000000 0.000000 0.000000 0.000000 0.000000 
0.000000 0.000000 0.000000 0.000000 0.000000 
0.000000 0.000000 0.000000 0.000000 0.000000 
0.000000 0.000000 0.000000 0.000000 0.000000 
0.000000 0.000000 0.000000 0.000000 0.000000 
0.000000 0.000000 0.000000 0.000000 0.000000 
0.000000 0.000000 0.000000 0.000000 0.000000 
0.000000 0.000000 0.000000 0.000000 0.000000 
0.000000 0.000000 0.000000 0.000000 0.000000 
0.000000 0.000000 0.000000 0.000000 0.000000 
0.000000 0.000000 0.000000 0.000000 0.000000 
0.000000 0.000000 0.000000 0.000000 0.000000 
0.000000 0.000000 0.000000 0.000000 0.000000 
0.000000 0.000000 0.000000 0.000000 0.000000 
0.000000 0.000000 0.000000 0.000000 0.000000 
0.000000 0.000000 0.000000 0.000000 0.000000 
0.000000 0.000000 0.000000 0.000000 0.000000 
0.000000 0.000000 0.000000 0.000000 0.000000 
0.000000 0.000000 0.000000 0.000000 0.000000 
0.000000 0.000000 0.000000 0.000000 0.000000 
0.000000 0.000000 0.000000 0.000000 0.000000 
0.000000 0.000000 0.000000 0.000000 0.000000 
0.000000 0.000000 0.000000 0.000000 0.000000 
0.000000 0.000000 0.000000 0.000000 0.000000 
0.000000 0.000000 0.000000 0.000000 0.000000 
0.000000 0.000000 0.000000 0.000000 0.000000 
0.000000 0.000000 0.000000 0.000000 0.000000 
0.000000 0.000000 0.000000 0.000000 0.000000 
0.000000 0.000000 0.000000 0.000000 0.000000 
0.000000 0.000000 0.000000 0.000000 0.000000 
0.000000 0.000000 0.000000 0.000000 0.000000 
0.000000 0.000000 0.000000 0.000000 0.000000 
0.000000 0.000000 0.000000 0.000000 0.000000 
0.000000 0.000000 0.000000 0.000000 0.000000 
0.000000 0.000000 0.000000 0.000000 0.000000 
0.000000 0.000000 0.000000 0.000000 0.000000 
0.000000 0.000000 0.000000 0.000000 0.000000 
0.000000 0.000000 0.000000 0.000000 0.000000 
0.000000 0.000000 0.000000 0.000000 0.000000 
0.000000 0.000000 0.000000 0.000000 0.000000 
0.000000 0.000000 0.000000 0.000000 0.000000 
0.000000 0.000000 0.000000 0.000000 0.000000 
0.000000 0.000000 0.000000 0.000000 0.000000 
0.000000 0.000000 0.000000 0.000000 0.000000 
0.000000 0.000000 0.000000 0.000000 0.000000 
0.000000 0.000000 0.000000 0.000000 0.000000 
0.000000 0.000000 0.000000 0.000000 0.000000 
0.000000 0.000000 0.000000 0.000000 0.000000 
0.000000 0.000000 0.000000 0.000000 0.000000 
0.000000 0.000000 0.000000 0.000000 0.000000 
0.000000 0.000000 0.000000 0.000000 0.000000 
0.000000 0.000000 0.000000 0.000000 0.000000 
0.000000 0.000000 0.000000 0.000000 0.000000 
0.000000 0.000000 0.000000 0.000000 0.000000 
0.000000 0.000000 0.000000 0.000000 0.000000 
0.000000 0.000000 0.000000 0.000000 0.000000 
0.000000 0.000000 0.000000 0.000000 0.000000 
0.000000 0.000000 0.000000 0.000000 0.000000 
0.000000 0.000000 0.000000 0.000000 0.000000 
0.000000 0.000000 0.000000 0.000000 0.000000 
0.000000 0.000000 0.000000 0.000000 0.000000 
0.000000 0.000000 0.000000 0.000000 0.000000 
0.000000 0.000000 0.000000 0.000000 0.000000 
0.000000 0.000000 0.000000 0.000000 0.000000 
0.000000 0.000000 0.000000 0.000000 0.000000 
0.000000 0.000000 0.000000 0.000000 0.000000 
0.000000 0.000000 0.000000 0.000000 0.000000 
0.000000 0.000000 0.000000 0.000000 0.000000 
0.000000 0.000000 0.000000 0.000000 0.000000 
0.000000 0.000000 0.000000 0.000000 0.000000 
0.000000 0.000000 0.000000 0.000000 0.000000 
0.000000 0.000000 0.000000 0.000000 0.000000 
0.000000 0.000000 0.000000 0.000000 0.000000 
0.000000 0.000000 0.000000 0.000000 0.000000 
0.000000 0.000000 0.000000 0.000000 0.000000 
0.000000 0.000000 0.000000 0.000000 0.000000 
0.000000 0.000000 0.000000 0.000000 0.000000 
0.000000 0.000000 0.000000 0.000000 0.000000 
0.000000 0.000000 0.000000 0.000000 0.000000 
0.000000 0.000000 0.000000 0.000000 0.000000 
0.000000 0.000000 0.000000 0.000000 0.000000 
0.000000 0.000000 0.000000 0.000000 0.000000 
0.000000 0.000000 0.000000 0.000000 0.000000 
0.000000 0.000000 0.000000 0.000000 0.000000 
0.000000 0.000000 0.000000 0.000000 0.000000 
0.000000 0.000000 0.000000 0.000000 0.000000 
0.000000 0.000000 0.000000 0.000000 0.000000 
0.000000 0.000000 0.000000 0.000000 0.000000 
0.000000 0.000000 0.000000 0.000000 0.000000 
0.000000 0.000000 0.000000 0.000000 0.000000 
0.000000 0.000000 0.000000 0.000000 0.000000 
0.000000 0.000000 0.000000 0.000000 0.000000 
0.000000 0.000000 0.000000 0.000000 0.000000 
0.000000 0.000000 0.000000 0.000000 0.000000 
0.000000 0.000000 0.000000 0.000000 0.000000 
0.000000 0.000000 0.000000 0.000000 0.000000 
0.000000 0.000000 0.000000 0.000000 0.000000 
0.000000 0.000000 0.000000 0.000000 0.000000 
0.000000 0.000000 0.000000 0.000000 0.000000 
0.000000 0.000000 0.000000 0.000000 0.000000 
0.000000 0.000000 0.000000 0.000000 0.000000 
0.000000 0.000000 0.000000 0.000000 0.000000 
0.000000 0.000000 0.000000 0.000000 0.000000 
0.000000 0.000000 0.000000 0.000000 0.000000 
0.000000 0.000000 0.000000 0.000000 0.000000 
0.000000 0.000000 0.000000 0.000000 0.000000 
0.000000 0.000000 0.000000 0.000000 0.000000 
0.000000 0.000000 0.000000 0.000000 0.000000 
0.000000 0.000000 0.000000 0.000000 0.000000 
0.000000 0.000000 0.000000 0.000000 0.000000 
0.000000 0.000000 0.000000 0.000000 0.000000 
0.000000 0.000000 0.000000 0.000000 0.000000 
0.000000 0.000000 0.000000 0.000000 0.000000 
0.000000 0.000000 0.000000 0.000000 0.000000 
0.000000 0.000000 0.000000 0.000000 0.000000 
0.000000 0.000000 0.000000 0.000000 0.000000 
0.000000 0.000000 0.000000 0.000000 0.000000 
0.000000 0.000000 0.000000 0.000000 0.000000 
0.000000 0.000000 0.000000 0.000000 0.000000 
0.000000 0.000000 0.000000 0.000000 0.000000 
0.000000 0.000000 0.000000 0.000000 0.000000 
0.000000 0.000000 0.000000 0.000000 0.000000 
0.000000 0.000000 0.000000 0.000000 0.000000 
0.000000 0.000000 0.000000 0.000000 0.000000 
0.000000 0.000000 0.000000 0.000000 0.000000 
0.000000 0.000000 0.000000 0.000000 0.000000 
0.000000 0.000000 0.000000 0.000000 0.000000 
0.000000 0.000000 0.000000 0.000000 0.000000 
0.000000 0.000000 0.000000 0.000000 0.000000 
0.000000 0.000000 0.000000 0.000000 0.000000 
0.000000 0.000000 0.000000 0.000000 0.000000 
0.000000 0.000000 0.000000 0.000000 0.000000 
0.000000 0.000000 0.000000 0.000000 0.000000 
0.000000 0.000000 0.000000 0.000000 0.000000 
0.000000 0.000000 0.000000 0.000000 0.000000 
0.000000 0.000000 0.000000 0.000000 0.000000 
0.000000 0.000000 0.000000 0.000000 0.000000 
0.000000 0.000000 0.000000 0.000000 0.000000 
0.000000 0.000000 0.000000 0.000000 0.000000 
0.000000 0.000000 0.000000 0.000000 0.000000 
0.000000 0.000000 0.000000 0.000000 0.000000 
0.000000 0.000000 0.000000 0.000000 0.000000 
0.000000 0.000000 0.000000 0.000000 0.000000 
0.000000 0.000000 0.000000 0.000000 0.000000 
0.000000 0.000000 0.000000 0.000000 0.000000 
0.000000 0.000000 0.000000 0.000000 0.000000 
0.000000 0.000000 0.000000 0.000000 0.000000 
0.000000 0.000000 0.000000 0.000000 0.000000 
0.000000 0.000000 0.000000 0.000000 0.000000 
0.000000 0.000000 0.000000 0.000000 0.000000 
0.000000 0.000000 0.000000 0.000000 0.000000 
0.000000 0.000000 0.000000 0.000000 0.000000 
0.000000 0.000000 0.000000 0.000000 0.000000 
0.000000 0.000000 0.000000 0.000000 0.000000 
0.000000 0.000000 0.000000 0.000000 0.000000 
0.000000 0.000000 0.000000 0.000000 0.000000 
0.000000 0.000000 0.000000 0.000000 0.000000 
0.000000 0.000000 0.000000 0.000000 0.000000 
0.000000 0.000000 0.000000 0.000000 0.000000 
0.000000 0.000000 0.000000 0.000000 0.000000 
0.000000 0.000000 0.000000 0.000000 0.000000 
0.000000 0.000000 0.000000 0.000000 0.000000 
0.000000 0.000000 0.000000 0.000000 0.000000 
0.000000 0.000000 0.000000 0.000000 0.000000 
0.000000 0.000000 0.000000 0.000000 0.000000 
0.000000 0.000000 0.000000 0.000000 0.000000 
0.000000 0.000000 0.000000 0.000000 0.000000 
