0.000000 0.000000 0.000000 0.000000 0.000000 
0.000000 0.000000 0.000000 0.000000 0.000000 
0.000000 0.000000 0.000000 0.000000 0.000000 
0.000000 0.000000 0.000000 0.000000 0.000000 
0.000000 0.000000 0.000000 0.000000 0.000000 
0.000000 0.000000 0.000000 0.000000 0.000000 
0.000000 0.000000 0.000000 0.000000 0.000000 
0.000000 0.000000 0.000000 0.000000 0.000000 
0.000000 0.000000 0.000000 0.000000 0.000000 
0.000000 0.000000 0.000000 0.000000 0.000000 
0.000000 0.000000 0.000000 0.000000 0.000000 
0.000000 0.000000 0.000000 0.000000 0.000000 
0.000000 0.000000 0.000000 0.000000 0.000000 
0.000000 0.000000 0.000000 0.000000 0.000000 
0.000000 0.000000 0.000000 0.000000 0.000000 
0.000000 0.000000 0.000000 0.000000 0.000000 
0.000000 0.000000 0.000000 0.000000 0.000000 
0.000000 0.000000 0.000000 0.000000 0.000000 
0.000000 0.000000 0.000000 0.000000 0.000000 
0.000000 0.000000 0.000000 0.000000 0.000000 
0.000000 0.000000 0.000000 0.000000 0.000000 
0.000000 0.000000 0.000000 0.000000 0.000000 
0.000000 0.000000 0.000000 0.000000 0.000000 
0.000000 0.000000 0.000000 0.000000 0.000000 
0.000000 0.000000 0.000000 0.000000 0.000000 
0.000000 0.000000 0.000000 0.000000 0.000000 
1.000000 0.000000 0.000000 0.000000 0.000000 
1.000000 0.000000 0.200000 0.200000 0.000000 
1.000000 0.060000 0.280000 0.120000 0.000000 
1.000000 0.102000 0.292000 0.120000 0.000000 
1.000000 0.118200 0.302800 0.117600 0.000000 
1.000000 0.126300 0.307720 0.115920 0.000000 
1.000000 0.130206 0.309988 0.115272 0.000000 
1.000000 0.132058 0.311093 0.114948 0.000000 
1.000000 0.132945 0.311620 0.114792 0.000000 
1.000000 0.133370 0.311871 0.114718 0.000000 
1.000000 0.133572 0.311992 0.114682 0.000000 
1.000000 0.133669 0.312049 0.114665 0.000000 
1.000000 0.133716 0.312077 0.114657 0.000000 
1.000000 0.133738 0.312090 0.114653 0.000000 
1.000000 0.133748 0.312096 0.114651 0.000000 
1.000000 0.133753 0.312099 0.114650 0.000000 
1.000000 0.133756 0.312101 0.114650 0.000000 
1.000000 0.133757 0.312101 0.114650 0.000000 
1.000000 0.133757 0.312102 0.114650 0.000000 
1.000000 0.133758 0.312102 0.114650 0.000000 
1.000000 0.133758 0.312102 0.114650 0.000000 
1.000000 0.133758 0.312102 0.114650 0.000000 
1.000000 0.133758 0.312102 0.114650 0.000000 
1.000000 0.133758 0.312102 0.114650 0.000000 
1.000000 0.133758 0.312102 0.114650 0.000000 
1.000000 0.133758 0.312102 0.114650 0.000000 
1.000000 0.133758 0.312102 0.114650 0.000000 
1.000000 0.133758 0.312102 0.114650 0.000000 
1.000000 0.133758 0.312102 0.114650 0.000000 
1.000000 0.133758 0.312102 0.114650 0.000000 
1.000000 0.133758 0.312102 0.114650 0.000000 
1.000000 0.133758 0.312102 0.114650 0.000000 
1.000000 0.133758 0.312102 0.114650 0.000000 
1.000000 0.133758 0.312102 0.114650 0.000000 
1.000000 0.133758 0.312102 0.114650 0.000000 
1.000000 0.133758 0.312102 0.114650 0.000000 
1.000000 0.133758 0.312102 0.114650 0.000000 
1.000000 0.133758 0.312102 0.114650 0.000000 
1.000000 0.133758 0.312102 0.114650 0.000000 
1.000000 0.133758 0.312102 0.114650 0.000000 
1.000000 0.133758 0.312102 0.114650 0.000000 
1.000000 0.133758 0.312102 0.114650 0.000000 
1.000000 0.133758 0.312102 0.114650 0.000000 
1.000000 0.133758 0.312102 0.114650 0.000000 
1.000000 0.133758 0.312102 0.114650 0.000000 
1.000000 0.133758 0.312102 0.114650 0.000000 
1.000000 0.133758 0.312102 0.114650 0.000000 
1.000000 0.133758 0.312102 0.114650 0.000000 
1.000000 0.133758 0.312102 0.114650 0.000000 
1.000000 0.133758 0.312102 0.114650 0.000000 
1.000000 0.133758 0.312102 0.114650 0.000000 
1.000000 0.133758 0.312102 0.114650 0.000000 
1.000000 0.133758 0.312102 0.114650 0.000000 
1.000000 0.133758 0.312102 0.114650 0.000000 
1.000000 0.133758 0.312102 0.114650 0.000000 
1.000000 0.133758 0.312102 0.114650 0.000000 
1.000000 0.133758 0.312102 0.114650 0.000000 
1.000000 0.133758 0.312102 0.114650 0.000000 
1.000000 0.133758 0.312102 0.114650 0.000000 
1.000000 0.133758 0.312102 0.114650 0.000000 
1.000000 0.133758 0.312102 0.114650 0.000000 
1.000000 0.133758 0.312102 0.114650 0.000000 
1.000000 0.133758 0.312102 0.114650 0.000000 
1.000000 0.133758 0.312102 0.114650 0.000000 
1.000000 0.133758 0.312102 0.114650 0.000000 
1.000000 0.133758 0.312102 0.114650 0.000000 
1.000000 0.133758 0.312102 0.114650 0.000000 
1.000000 0.133758 0.312102 0.114650 0.000000 
1.000000 0.133758 0.312102 0.114650 0.000000 
1.000000 0.133758 0.312102 0.114650 0.000000 
1.000000 0.133758 0.312102 0.114650 0.000000 
1.000000 0.133758 0.312102 0.114650 0.000000 
1.000000 0.133758 0.312102 0.114650 0.000000 
1.000000 0.133758 0.312102 0.114650 0.000000 
1.000000 0.133758 0.312102 0.114650 0.000000 
1.000000 0.133758 0.312102 0.114650 0.000000 
1.000000 0.133758 0.312102 0.114650 0.000000 
1.000000 0.133758 0.312102 0.114650 0.000000 
1.000000 0.133758 0.312102 0.114650 0.000000 
1.000000 0.133758 0.312102 0.114650 0.000000 
1.000000 0.133758 0.312102 0.114650 0.000000 
1.000000 0.133758 0.312102 0.114650 0.000000 
1.000000 0.133758 0.312102 0.114650 0.000000 
1.000000 0.133758 0.312102 0.114650 0.000000 
1.000000 0.133758 0.312102 0.114650 0.000000 
1.000000 0.133758 0.312102 0.114650 0.000000 
1.000000 0.133758 0.312102 0.114650 0.000000 
1.000000 0.133758 0.312102 0.114650 0.000000 
1.000000 0.133758 0.312102 0.114650 0.000000 
1.000000 0.133758 0.312102 0.114650 0.000000 
1.000000 0.133758 0.312102 0.114650 0.000000 
1.000000 0.133758 0.312102 0.114650 0.000000 
1.000000 0.133758 0.312102 0.114650 0.000000 
1.000000 0.133758 0.312102 0.114650 0.000000 
1.000000 0.133758 0.312102 0.114650 0.000000 
1.000000 0.133758 0.312102 0.114650 0.000000 
1.000000 0.133758 0.312102 0.114650 0.000000 
1.000000 0.133758 0.312102 0.114650 0.000000 
1.000000 0.133758 0.312102 0.114650 0.000000 
1.000000 0.133758 0.312102 0.114650 0.000000 
1.000000 0.133758 0.312102 0.114650 0.000000 
1.000000 0.133758 0.312102 0.114650 0.000000 
1.000000 0.133758 0.312102 0.114650 0.000000 
1.000000 0.133758 0.312102 0.114650 0.000000 
1.000000 0.133758 0.312102 0.114650 0.000000 
1.000000 0.133758 0.312102 0.114650 0.000000 
1.000000 0.133758 0.312102 0.114650 0.000000 
1.000000 0.133758 0.312102 0.114650 0.000000 
1.000000 0.133758 0.312102 0.114650 0.000000 
1.000000 0.133758 0.312102 0.114650 0.000000 
1.000000 0.133758 0.312102 0.114650 0.000000 
1.000000 0.133758 0.312102 0.114650 0.000000 
1.000000 0.133758 0.312102 0.114650 0.000000 
1.000000 0.133758 0.312102 0.114650 0.000000 
1.000000 0.133758 0.312102 0.114650 0.000000 
1.000000 0.133758 0.312102 0.114650 0.000000 
1.000000 0.133758 0.312102 0.114650 0.000000 
1.000000 0.133758 0.312102 0.114650 0.000000 
1.000000 0.133758 0.312102 0.114650 0.000000 
1.000000 0.133758 0.312102 0.114650 0.000000 
1.000000 0.133758 0.312102 0.114650 0.000000 
1.000000 0.133758 0.312102 0.114650 0.000000 
1.000000 0.133758 0.312102 0.114650 0.000000 
1.000000 0.133758 0.312102 0.114650 0.000000 
1.000000 0.133758 0.312102 0.114650 0.000000 
1.000000 0.133758 0.312102 0.114650 0.000000 
1.000000 0.133758 0.312102 0.114650 0.000000 
1.000000 0.133758 0.312102 0.114650 0.000000 
1.000000 0.133758 0.312102 0.114650 0.000000 
1.000000 0.133758 0.312102 0.114650 0.000000 
1.000000 0.133758 0.312102 0.114650 0.000000 
1.000000 0.133758 0.312102 0.114650 0.000000 
1.000000 0.133758 0.312102 0.114650 0.000000 
1.000000 0.133758 0.312102 0.114650 0.000000 
1.000000 0.133758 0.312102 0.114650 0.000000 
1.000000 0.133758 0.312102 0.114650 0.000000 
1.000000 0.133758 0.312102 0.114650 0.000000 
1.000000 0.133758 0.312102 0.114650 0.000000 
1.000000 0.133758 0.312102 0.114650 0.000000 
1.000000 0.133758 0.312102 0.114650 0.000000 
1.000000 0.133758 0.312102 0.114650 0.000000 
1.000000 0.133758 0.312102 0.114650 0.000000 
1.000000 0.133758 0.312102 0.114650 0.000000 
1.000000 0.133758 0.312102 0.114650 0.000000 
1.000000 0.133758 0.312102 0.114650 0.000000 
1.000000 0.133758 0.312102 0.114650 0.000000 
1.000000 0.133758 0.312102 0.114650 0.000000 
1.000000 0.133758 0.312102 0.114650 0.000000 
1.000000 0.133758 0.312102 0.114650 0.000000 
1.000000 0.133758 0.312102 0.114650 0.000000 
1.000000 0.133758 0.312102 0.114650 0.000000 
1.000000 0.133758 0.312102 0.114650 0.000000 
1.000000 0.133758 0.312102 0.114650 0.000000 
1.000000 0.133758 0.312102 0.114650 0.000000 
1.000000 0.133758 0.312102 0.114650 0.000000 
1.000000 0.133758 0.312102 0.114650 0.000000 
1.000000 0.133758 0.312102 0.114650 0.000000 
1.000000 0.133758 0.312102 0.114650 0.000000 
1.000000 0.133758 0.312102 0.114650 0.000000 
1.000000 0.133758 0.312102 0.114650 0.000000 
1.000000 0.133758 0.312102 0.114650 0.000000 
1.000000 0.133758 0.312102 0.114650 0.000000 
1.000000 0.133758 0.312102 0.114650 0.000000 
1.000000 0.133758 0.312102 0.114650 0.000000 
1.000000 0.133758 0.312102 0.114650 0.000000 
1.000000 0.133758 0.312102 0.114650 0.000000 
1.000000 0.133758 0.312102 0.114650 0.000000 
1.000000 0.133758 0.312102 0.114650 0.000000 
1.000000 0.133758 0.312102 0.114650 0.000000 
1.000000 0.133758 0.312102 0.114650 0.000000 
1.000000 0.133758 0.312102 0.114650 0.000000 
1.000000 0.133758 0.312102 0.114650 0.000000 
1.000000 0.133758 0.312102 0.114650 0.000000 
1.000000 0.133758 0.312102 0.114650 0.000000 
1.000000 0.133758 0.312102 0.114650 0.000000 
1.000000 0.133758 0.312102 0.114650 0.000000 
1.000000 0.133758 0.312102 0.114650 0.000000 
1.000000 0.133758 0.312102 0.114650 0.000000 
1.000000 0.133758 0.312102 0.114650 0.000000 
1.000000 0.133758 0.312102 0.114650 0.000000 
1.000000 0.133758 0.312102 0.114650 0.000000 
1.000000 0.133758 0.312102 0.114650 0.000000 
1.000000 0.133758 0.312102 0.114650 0.000000 
1.000000 0.133758 0.312102 0.114650 0.000000 
1.000000 0.133758 0.312102 0.114650 0.000000 
1.000000 0.133758 0.312102 0.114650 0.000000 
1.000000 0.133758 0.312102 0.114650 0.000000 
1.000000 0.133758 0.312102 0.114650 0.000000 
1.000000 0.133758 0.312102 0.114650 0.000000 
1.000000 0.133758 0.312102 0.114650 0.000000 
1.000000 0.133758 0.312102 0.114650 0.000000 
1.000000 0.133758 0.312102 0.114650 0.000000 
1.000000 0.133758 0.312102 0.114650 0.000000 
1.000000 0.133758 0.312102 0.114650 0.000000 
1.000000 0.133758 0.312102 0.114650 0.000000 
1.000000 0.133758 0.312102 0.114650 0.000000 
1.000000 0.133758 0.312102 0.114650 0.000000 
1.000000 0.133758 0.312102 0.114650 0.000000 
1.000000 0.133758 0.312102 0.114650 0.000000 
1.000000 0.133758 0.312102 0.114650 0.000000 
1.000000 0.133758 0.312102 0.114650 0.000000 
1.000000 0.133758 0.312102 0.114650 0.000000 
1.000000 0.133758 0.312102 0.114650 0.000000 
1.000000 0.133758 0.312102 0.114650 0.000000 
1.000000 0.133758 0.312102 0.114650 0.000000 
1.000000 0.133758 0.312102 0.114650 0.000000 
1.000000 0.133758 0.312102 0.114650 0.000000 
1.000000 0.133758 0.312102 0.114650 0.000000 
1.000000 0.133758 0.312102 0.114650 0.000000 
1.000000 0.133758 0.312102 0.114650 0.000000 
1.000000 0.133758 0.312102 0.114650 0.000000 
1.000000 0.133758 0.312102 0.114650 0.000000 
1.000000 0.133758 0.312102 0.114650 0.000000 
1.000000 0.133758 0.312102 0.114650 0.000000 
1.000000 0.133758 0.312102 0.114650 0.000000 
1.000000 0.133758 0.312102 0.114650 0.000000 
1.000000 0.133758 0.312102 0.114650 0.000000 
1.000000 0.133758 0.312102 0.114650 0.000000 
1.000000 0.133758 0.312102 0.114650 0.000000 
1.000000 0.133758 0.312102 0.114650 0.000000 
1.000000 0.133758 0.312102 0.114650 0.000000 
1.000000 0.133758 0.312102 0.114650 0.000000 
1.000000 0.133758 0.312102 0.114650 0.000000 
1.000000 0.133758 0.312102 0.114650 0.000000 
1.000000 0.133758 0.312102 0.114650 0.000000 
1.000000 0.133758 0.312102 0.114650 0.000000 
1.000000 0.133758 0.312102 0.114650 0.000000 
1.000000 0.133758 0.312102 0.114650 0.000000 
1.000000 0.133758 0.312102 0.114650 0.000000 
1.000000 0.133758 0.312102 0.114650 0.000000 
1.000000 0.133758 0.312102 0.114650 0.000000 
1.000000 0.133758 0.312102 0.114650 0.000000 
1.000000 0.133758 0.312102 0.114650 0.000000 
1.000000 0.133758 0.312102 0.114650 0.000000 
1.000000 0.133758 0.312102 0.114650 0.000000 
1.000000 0.133758 0.312102 0.114650 0.000000 
1.000000 0.133758 0.312102 0.114650 0.000000 
1.000000 0.133758 0.312102 0.114650 0.000000 
1.000000 0.133758 0.312102 0.114650 0.000000 
1.000000 0.133758 0.312102 0.114650 0.000000 
1.000000 0.133758 0.312102 0.114650 0.000000 
1.000000 0.133758 0.312102 0.114650 0.000000 
1.000000 0.133758 0.312102 0.114650 0.000000 
1.000000 0.133758 0.312102 0.114650 0.000000 
1.000000 0.133758 0.312102 0.114650 0.000000 
1.000000 0.133758 0.312102 0.114650 0.000000 
1.000000 0.133758 0.312102 0.114650 0.000000 
1.000000 0.133758 0.312102 0.114650 0.000000 
1.000000 0.133758 0.312102 0.114650 0.000000 
1.000000 0.133758 0.312102 0.114650 0.000000 
1.000000 0.133758 0.312102 0.114650 0.000000 
1.000000 0.133758 0.312102 0.114650 0.000000 
1.000000 0.133758 0.312102 0.114650 0.000000 
1.000000 0.133758 0.312102 0.114650 0.000000 
1.000000 0.133758 0.312102 0.114650 0.000000 
1.000000 0.133758 0.312102 0.114650 0.000000 
1.000000 0.133758 0.312102 0.114650 0.000000 
1.000000 0.133758 0.312102 0.114650 0.000000 
1.000000 0.133758 0.312102 0.114650 0.000000 
1.000000 0.133758 0.312102 0.114650 0.000000 
1.000000 0.133758 0.312102 0.114650 0.000000 
1.000000 0.133758 0.312102 0.114650 0.000000 
1.000000 0.133758 0.312102 0.114650 0.000000 
1.000000 0.133758 0.312102 0.114650 0.000000 
1.000000 0.133758 0.312102 0.114650 0.000000 
1.000000 0.133758 0.312102 0.114650 0.000000 
1.000000 0.133758 0.312102 0.114650 0.000000 
1.000000 0.133758 0.312102 0.114650 0.000000 
1.000000 0.133758 0.312102 0.114650 0.000000 
1.000000 0.133758 0.312102 0.114650 0.000000 
1.000000 0.133758 0.312102 0.114650 0.000000 
1.000000 0.133758 0.312102 0.114650 0.000000 
1.000000 0.133758 0.312102 0.114650 0.000000 
1.000000 0.133758 0.312102 0.114650 0.000000 
1.000000 0.133758 0.312102 0.114650 0.000000 
1.000000 0.133758 0.312102 0.114650 0.000000 
1.000000 0.133758 0.312102 0.114650 0.000000 
1.000000 0.133758 0.312102 0.114650 0.000000 
1.000000 0.133758 0.312102 0.114650 0.000000 
1.000000 0.133758 0.312102 0.114650 0.000000 
1.000000 0.133758 0.312102 0.114650 0.000000 
1.000000 0.133758 0.312102 0.114650 0.000000 
1.000000 0.133758 0.312102 0.114650 0.000000 
1.000000 0.133758 0.312102 0.114650 0.000000 
1.000000 0.133758 0.312102 0.114650 0.000000 
1.000000 0.133758 0.312102 0.114650 0.000000 
1.000000 0.133758 0.312102 0.114650 0.000000 
1.000000 0.133758 0.312102 0.114650 0.000000 
1.000000 0.133758 0.312102 0.114650 0.000000 
1.000000 0.133758 0.312102 0.114650 0.000000 
1.000000 0.133758 0.312102 0.114650 0.000000 
1.000000 0.133758 0.312102 0.114650 0.000000 
1.000000 0.133758 0.312102 0.114650 0.000000 
1.000000 0.133758 0.312102 0.114650 0.000000 
1.000000 0.133758 0.312102 0.114650 0.000000 
1.000000 0.133758 0.312102 0.114650 0.000000 
1.000000 0.133758 0.312102 0.114650 0.000000 
1.000000 0.133758 0.312102 0.114650 0.000000 
1.000000 0.133758 0.312102 0.114650 0.000000 
1.000000 0.133758 0.312102 0.114650 0.000000 
1.000000 0.133758 0.312102 0.114650 0.000000 
1.000000 0.133758 0.312102 0.114650 0.000000 
1.000000 0.133758 0.312102 0.114650 0.000000 
1.000000 0.133758 0.312102 0.114650 0.000000 
1.000000 0.133758 0.312102 0.114650 0.000000 
1.000000 0.133758 0.312102 0.114650 0.000000 
1.000000 0.133758 0.312102 0.114650 0.000000 
1.000000 0.133758 0.312102 0.114650 0.000000 
1.000000 0.133758 0.312102 0.114650 0.000000 
1.000000 0.133758 0.312102 0.114650 0.000000 
1.000000 0.133758 0.312102 0.114650 0.000000 
1.000000 0.133758 0.312102 0.114650 0.000000 
1.000000 0.133758 0.312102 0.114650 0.000000 
1.000000 0.133758 0.312102 0.114650 0.000000 
1.000000 0.133758 0.312102 0.114650 0.000000 
1.000000 0.133758 0.312102 0.114650 0.000000 
1.000000 0.133758 0.312102 0.114650 0.000000 
1.000000 0.133758 0.312102 0.114650 0.000000 
1.000000 0.133758 0.312102 0.114650 0.000000 
1.000000 0.133758 0.312102 0.114650 0.000000 
1.000000 0.133758 0.312102 0.114650 0.000000 
1.000000 0.133758 0.312102 0.114650 0.000000 
1.000000 0.133758 0.312102 0.114650 0.000000 
1.000000 0.133758 0.312102 0.114650 0.000000 
1.000000 0.133758 0.312102 0.114650 0.000000 
1.000000 0.133758 0.312102 0.114650 0.000000 
1.000000 0.133758 0.312102 0.114650 0.000000 
1.000000 0.133758 0.312102 0.114650 0.000000 
1.000000 0.133758 0.312102 0.114650 0.000000 
1.000000 0.133758 0.312102 0.114650 0.000000 
1.000000 0.133758 0.312102 0.114650 0.000000 
1.000000 0.133758 0.312102 0.114650 0.000000 
1.000000 0.133758 0.312102 0.114650 0.000000 
1.000000 0.133758 0.312102 0.114650 0.000000 
1.000000 0.133758 0.312102 0.114650 0.000000 
1.000000 0.133758 0.312102 0.114650 0.000000 
1.000000 0.133758 0.312102 0.114650 0.000000 
1.000000 0.133758 0.312102 0.114650 0.000000 
1.000000 0.133758 0.312102 0.114650 0.000000 
1.000000 0.133758 0.312102 0.114650 0.000000 
1.000000 0.133758 0.312102 0.114650 0.000000 
1.000000 0.133758 0.312102 0.114650 0.000000 
1.000000 0.133758 0.312102 0.114650 0.000000 
1.000000 0.133758 0.312102 0.114650 0.000000 
1.000000 0.133758 0.312102 0.114650 0.000000 
1.000000 0.133758 0.312102 0.114650 0.000000 
1.000000 0.133758 0.312102 0.114650 0.000000 
1.000000 0.133758 0.312102 0.114650 0.000000 
1.000000 0.133758 0.312102 0.114650 0.000000 
1.000000 0.133758 0.312102 0.114650 0.000000 
1.000000 0.133758 0.312102 0.114650 0.000000 
1.000000 0.133758 0.312102 0.114650 0.000000 
1.000000 0.133758 0.312102 0.114650 0.000000 
1.000000 0.133758 0.312102 0.114650 0.000000 
1.000000 0.133758 0.312102 0.114650 0.000000 
1.000000 0.133758 0.312102 0.114650 0.000000 
1.000000 0.133758 0.312102 0.114650 0.000000 
1.000000 0.133758 0.312102 0.114650 0.000000 
1.000000 0.133758 0.312102 0.114650 0.000000 
1.000000 0.133758 0.312102 0.114650 0.000000 
1.000000 0.133758 0.312102 0.114650 0.000000 
1.000000 0.133758 0.312102 0.114650 0.000000 
1.000000 0.133758 0.312102 0.114650 0.000000 
1.000000 0.133758 0.312102 0.114650 0.000000 
1.000000 0.133758 0.312102 0.114650 0.000000 
1.000000 0.133758 0.312102 0.114650 0.000000 
1.000000 0.133758 0.312102 0.114650 0.000000 
1.000000 0.133758 0.312102 0.114650 0.000000 
1.000000 0.133758 0.312102 0.114650 0.000000 
1.000000 0.133758 0.312102 0.114650 0.000000 
1.000000 0.133758 0.312102 0.114650 0.000000 
1.000000 0.133758 0.312102 0.114650 0.000000 
1.000000 0.133758 0.312102 0.114650 0.000000 
1.000000 0.133758 0.312102 0.114650 0.000000 
1.000000 0.133758 0.312102 0.114650 0.000000 
1.000000 0.133758 0.312102 0.114650 0.000000 
1.000000 0.133758 0.312102 0.114650 0.000000 
1.000000 0.133758 0.312102 0.114650 0.000000 
1.000000 0.133758 0.312102 0.114650 0.000000 
1.000000 0.133758 0.312102 0.114650 0.000000 
1.000000 0.133758 0.312102 0.114650 0.000000 
1.000000 0.133758 0.312102 0.114650 0.000000 
1.000000 0.133758 0.312102 0.114650 0.000000 
1.000000 0.133758 0.312102 0.114650 0.000000 
1.000000 0.133758 0.312102 0.114650 0.000000 
1.000000 0.133758 0.312102 0.114650 0.000000 
1.000000 0.133758 0.312102 0.114650 0.000000 
1.000000 0.133758 0.312102 0.114650 0.000000 
1.000000 0.133758 0.312102 0.114650 0.000000 
1.000000 0.133758 0.312102 0.114650 0.000000 
1.000000 0.133758 0.312102 0.114650 0.000000 
1.000000 0.133758 0.312102 0.114650 0.000000 
1.000000 0.133758 0.312102 0.114650 0.000000 
1.000000 0.133758 0.312102 0.114650 0.000000 
1.000000 0.133758 0.312102 0.114650 0.000000 
1.000000 0.133758 0.312102 0.114650 0.000000 
1.000000 0.133758 0.312102 0.114650 0.000000 
1.000000 0.133758 0.312102 0.114650 0.000000 
1.000000 0.133758 0.312102 0.114650 0.000000 
1.000000 0.133758 0.312102 0.114650 0.000000 
1.000000 0.133758 0.312102 0.114650 0.000000 
1.000000 0.133758 0.312102 0.114650 0.000000 
1.000000 0.133758 0.312102 0.114650 0.000000 
1.000000 0.133758 0.312102 0.114650 0.000000 
1.000000 0.133758 0.312102 0.114650 0.000000 
1.000000 0.133758 0.312102 0.114650 0.000000 
1.000000 0.133758 0.312102 0.114650 0.000000 
1.000000 0.133758 0.312102 0.114650 0.000000 
1.000000 0.133758 0.312102 0.114650 0.000000 
1.000000 0.133758 0.312102 0.114650 0.000000 
1.000000 0.133758 0.312102 0.114650 0.000000 
1.000000 0.133758 0.312102 0.114650 0.000000 
1.000000 0.133758 0.312102 0.114650 0.000000 
1.000000 0.133758 0.312102 0.114650 0.000000 
1.000000 0.133758 0.312102 0.114650 0.000000 
1.000000 0.133758 0.312102 0.114650 0.000000 
1.000000 0.133758 0.312102 0.114650 0.000000 
1.000000 0.133758 0.312102 0.114650 0.000000 
1.000000 0.133758 0.312102 0.114650 0.000000 
1.000000 0.133758 0.312102 0.114650 0.000000 
1.000000 0.133758 0.312102 0.114650 0.000000 
1.000000 0.133758 0.312102 0.114650 0.000000 
1.000000 0.133758 0.312102 0.114650 0.000000 
1.000000 0.133758 0.312102 0.114650 0.000000 
1.000000 0.133758 0.312102 0.114650 0.000000 
1.000000 0.133758 0.312102 0.114650 0.000000 
1.000000 0.133758 0.312102 0.114650 0.000000 
1.000000 0.133758 0.312102 0.114650 0.000000 
1.000000 0.133758 0.312102 0.114650 0.000000 
1.000000 0.133758 0.312102 0.114650 0.000000 
1.000000 0.133758 0.312102 0.114650 0.000000 
1.000000 0.133758 0.312102 0.114650 0.000000 
1.000000 0.133758 0.312102 0.114650 0.000000 
1.000000 0.133758 0.312102 0.114650 0.000000 
1.000000 0.133758 0.312102 0.114650 0.000000 
1.000000 0.133758 0.312102 0.114650 0.000000 
1.000000 0.133758 0.312102 0.114650 0.000000 
1.000000 0.133758 0.312102 0.114650 0.000000 
1.000000 0.133758 0.312102 0.114650 0.000000 
1.000000 0.133758 0.312102 0.114650 0.000000 
1.000000 0.133758 0.312102 0.114650 0.000000 
1.000000 0.133758 0.312102 0.114650 0.000000 
1.000000 0.133758 0.312102 0.114650 0.000000 
1.000000 0.133758 0.312102 0.114650 0.000000 
1.000000 0.133758 0.312102 0.114650 0.000000 
1.000000 0.133758 0.312102 0.114650 0.000000 
1.000000 0.133758 0.312102 0.114650 0.000000 
1.000000 0.133758 0.312102 0.114650 0.000000 
1.000000 0.133758 0.312102 0.114650 0.000000 
1.000000 0.133758 0.312102 0.114650 0.000000 
1.000000 0.133758 0.312102 0.114650 0.000000 
1.000000 0.133758 0.312102 0.114650 0.000000 
1.000000 0.133758 0.312102 0.114650 0.000000 
1.000000 0.133758 0.312102 0.114650 0.000000 
1.000000 0.133758 0.312102 0.114650 0.000000 
1.000000 0.133758 0.312102 0.114650 0.000000 
1.000000 0.133758 0.312102 0.114650 0.000000 
1.000000 0.133758 0.312102 0.114650 0.000000 
1.000000 0.133758 0.312102 0.114650 0.000000 
1.000000 0.133758 0.312102 0.114650 0.000000 
1.000000 0.133758 0.312102 0.114650 0.000000 
1.000000 0.133758 0.312102 0.114650 0.000000 
1.000000 0.133758 0.312102 0.114650 0.000000 
1.000000 0.133758 0.312102 0.114650 0.000000 
1.000000 0.133758 0.312102 0.114650 0.000000 
1.000000 0.133758 0.312102 0.114650 0.000000 
1.000000 0.133758 0.312102 0.114650 0.000000 
1.000000 0.133758 0.312102 0.114650 0.000000 
1.000000 0.133758 0.312102 0.114650 0.000000 
1.000000 0.133758 0.312102 0.114650 0.000000 
1.000000 0.133758 0.312102 0.114650 0.000000 
1.000000 0.133758 0.312102 0.114650 0.000000 
1.000000 0.133758 0.312102 0.114650 0.000000 
1.000000 0.133758 0.312102 0.114650 0.000000 
0.000000 0.133758 0.312102 0.114650 0.000000 
0.000000 0.133758 0.112102 0.000000 0.000000 
0.000000 0.073758 0.049172 0.000000 0.007937 
0.000000 0.036879 0.024586 0.000000 0.000000 
0.000000 0.018439 0.012293 0.000000 0.000714 
0.000000 0.009220 0.006146 0.000000 0.000000 
0.000000 0.004610 0.003073 0.000000 0.000064 
0.000000 0.002305 0.001537 0.000000 0.000000 
0.000000 0.001152 0.000768 0.000000 0.000006 
0.000000 0.000576 0.000384 0.000000 0.000000 
0.000000 0.000288 0.000192 0.000000 0.000001 
0.000000 0.000144 0.000096 0.000000 0.000000 
0.000000 0.000072 0.000048 0.000000 0.000000 
0.000000 0.000036 0.000024 0.000000 0.000000 
0.000000 0.000018 0.000012 0.000000 0.000000 
0.000000 0.000009 0.000006 0.000000 0.000000 
0.000000 0.000005 0.000003 0.000000 0.000000 
0.000000 0.000002 0.000002 0.000000 0.000000 
0.000000 0.000001 0.000001 0.000000 0.000000 
0.000000 0.000001 0.000000 0.000000 0.000000 
0.000000 0.000000 0.000000 0.000000 0.000000 
0.000000 0.000000 0.000000 0.000000 0.000000 
0.000000 0.000000 0.000000 0.000000 0.000000 
0.000000 0.000000 0.000000 0.000000 0.000000 
0.000000 0.000000 0.000000 0.000000 0.000000 
0.000000 0.000000 0.000000 0.000000 0.000000 
0.000000 0.000000 0.000000 0.000000 0.000000 
0.000000 0.000000 0.000000 0.000000 0.000000 
0.000000 0.000000 0.000000 0.000000 0.000000 
0.000000 0.000000 0.000000 0.000000 0.000000 
0.000000 0.000000 0.000000 0.000000 0.000000 
0.000000 0.000000 0.000000 0.000000 0.000000 
0.000000 0.000000 0.000000 0.000000 0.000000 
0.000000 0.000000 0.000000 0.000000 0.000000 
0.000000 0.000000 0.000000 0.000000 0.000000 
0.000000 0.000000 0.000000 0.000000 0.000000 
0.000000 0.000000 0.000000 0.000000 0.000000 
0.000000 0.000000 0.000000 0.000000 0.000000 
0.000000 0.000000 0.000000 0.000000 0.000000 
0.000000 0.000000 0.000000 0.000000 0.000000 
0.000000 0.000000 0.000000 0.000000 0.000000 
0.000000 0.000000 0.000000 0.000000 0.000000 
0.000000 0.000000 0.000000 0.000000 0.000000 
0.000000 0.000000 0.000000 0.000000 0.000000 
0.000000 0.000000 0.000000 0.000000 0.000000 
0.000000 0.000000 0.000000 0.000000 0.000000 
0.000000 0.000000 0.000000 0.000000 0.000000 
0.000000 0.000000 0.000000 0.000000 0.000000 
0.000000 0.000000 0.000000 0.000000 0.000000 
0.000000 0.000000 0.000000 0.000000 0.000000 
0.000000 0.000000 0.000000 0.000000 0.000000 
0.000000 0.000000 0.000000 0.000000 0.000000 
0.000000 0.000000 0.000000 0.000000 0.000000 
0.000000 0.000000 0.000000 0.000000 0.000000 
0.000000 0.000000 0.000000 0.000000 0.000000 
0.000000 0.000000 0.000000 0.000000 0.000000 
0.000000 0.000000 0.000000 0.000000 0.000000 
0.000000 0.000000 0.000000 0.000000 0.000000 
0.000000 0.000000 0.000000 0.000000 0.000000 
0.000000 0.000000 0.000000 0.000000 0.000000 
0.000000 0.000000 0.000000 0.000000 0.000000 
0.000000 0.000000 0.000000 0.000000 0.000000 
0.000000 0.000000 0.000000 0.000000 0.000000 
0.000000 0.000000 0.000000 0.000000 0.000000 
0.000000 0.000000 0.000000 0.000000 0.000000 
0.000000 0.000000 0.000000 0.000000 0.000000 
0.000000 0.000000 0.000000 0.000000 0.000000 
0.000000 0.000000 0.000000 0.000000 0.000000 
0.000000 0.000000 0.000000 0.000000 0.000000 
0.000000 0.000000 0.000000 0.000000 0.000000 
0.000000 0.000000 0.000000 0.000000 0.000000 
0.000000 0.000000 0.000000 0.000000 0.000000 
0.000000 0.000000 0.000000 0.000000 0.000000 
0.000000 0.000000 0.000000 0.000000 0.000000 
0.000000 0.000000 0.000000 0.000000 0.000000 
0.000000 0.000000 0.000000 0.000000 0.000000 
0.000000 0.000000 0.000000 0.000000 0.000000 
0.000000 0.000000 0.000000 0.000000 0.000000 
0.000000 0.000000 0.000000 0.000000 0.000000 
0.000000 0.000000 0.000000 0.000000 0.000000 
0.000000 0.000000 0.000000 0.000000 0.000000 
0.000000 0.000000 0.000000 0.000000 0.000000 
0.000000 0.000000 0.000000 0.000000 0.000000 
0.000000 0.000000 0.000000 0.000000 0.000000 
0.000000 0.000000 0.000000 0.000000 0.000000 
0.000000 0.000000 0.000000 0.000000 0.000000 
0.000000 0.000000 0.000000 0.000000 0.000000 
0.000000 0.000000 0.000000 0.000000 0.000000 
0.000000 0.000000 0.000000 0.000000 0.000000 
0.000000 0.000000 0.000000 0.000000 0.000000 
0.000000 0.000000 0.000000 0.000000 0.000000 
0.000000 0.000000 0.000000 0.000000 0.000000 
0.000000 0.000000 0.000000 0.000000 0.000000 
0.000000 0.000000 0.000000 0.000000 0.000000 
0.000000 0.000000 0.000000 0.000000 0.000000 
0.000000 0.000000 0.000000 0.000000 0.000000 
0.000000 0.000000 0.000000 0.000000 0.000000 
0.000000 0.000000 0.000000 0.000000 0.000000 
0.000000 0.000000 0.000000 0.000000 0.000000 
0.000000 0.000000 0.000000 0.000000 0.000000 
0.000000 0.000000 0.000000 0.000000 0.000000 
0.000000 0.000000 0.000000 0.000000 0.000000 
0.000000 0.000000 0.000000 0.000000 0.000000 
0.000000 0.000000 0.000000 0.000000 0.000000 
0.000000 0.000000 0.000000 0.000000 0.000000 
0.000000 0.000000 0.000000 0.000000 0.000000 
0.000000 0.000000 0.000000 0.000000 0.000000 
0.000000 0.000000 0.000000 0.000000 0.000000 
0.000000 0.000000 0.000000 0.000000 0.000000 
0.000000 0.000000 0.000000 0.000000 0.000000 
0.000000 0.000000 0.000000 0.000000 0.000000 
0.000000 0.000000 0.000000 0.000000 0.000000 
0.000000 0.000000 0.000000 0.000000 0.000000 
0.000000 0.000000 0.000000 0.000000 0.000000 
0.000000 0.000000 0.000000 0.000000 0.000000 
0.000000 0.000000 0.000000 0.000000 0.000000 
0.000000 0.000000 0.000000 0.000000 0.000000 
0.000000 0.000000 0.000000 0.000000 0.000000 
0.000000 0.000000 0.000000 0.000000 0.000000 
0.000000 0.000000 0.000000 0.000000 0.000000 
0.000000 0.000000 0.000000 0.000000 0.000000 
0.000000 0.000000 0.000000 0.000000 0.000000 
0.000000 0.000000 0.000000 0.000000 0.000000 
0.000000 0.000000 0.000000 0.000000 0.000000 
0.000000 0.000000 0.000000 0.000000 0.000000 
0.000000 0.000000 0.000000 0.000000 0.000000 
0.000000 0.000000 0.000000 0.000000 0.000000 
0.000000 0.000000 0.000000 0.000000 0.000000 
0.000000 0.000000 0.000000 0.000000 0.000000 
0.000000 0.000000 0.000000 0.000000 0.000000 
0.000000 0.000000 0.000000 0.000000 0.000000 
0.000000 0.000000 0.000000 0.000000 0.000000 
0.000000 0.000000 0.000000 0.000000 0.000000 
0.000000 0.000000 0.000000 0.000000 0.000000 
0.000000 0.000000 0.000000 0.000000 0.000000 
0.000000 0.000000 0.000000 0.000000 0.000000 
0.000000 0.000000 0.000000 0.000000 0.000000 
0.000000 0.000000 0.000000 0.000000 0.000000 
0.000000 0.000000 0.000000 0.000000 0.000000 
0.000000 0.000000 0.000000 0.000000 0.000000 
0.000000 0.000000 0.000000 0.000000 0.000000 
0.000000 0.000000 0.000000 0.000000 0.000000 
0.000000 0.000000 0.000000 0.000000 0.000000 
0.000000 0.000000 0.000000 0.000000 0.000000 
0.000000 0.000000 0.000000 0.000000 0.000000 
0.000000 0.000000 0.000000 0.000000 0.000000 
0.000000 0.000000 0.000000 0.000000 0.000000 
0.000000 0.000000 0.000000 0.000000 0.000000 
0.000000 0.000000 0.000000 0.000000 0.000000 
0.000000 0.000000 0.000000 0.000000 0.000000 
0.000000 0.000000 0.000000 0.000000 0.000000 
0.000000 0.000000 0.000000 0.000000 0.000000 
0.000000 0.000000 0.000000 0.000000 0.000000 
0.000000 0.000000 0.000000 0.000000 0.000000 
0.000000 0.000000 0.000000 0.000000 0.000000 
0.000000 0.000000 0.000000 0.000000 0.000000 
0.000000 0.000000 0.000000 0.000000 0.000000 
0.000000 0.000000 0.000000 0.000000 0.000000 
0.000000 0.000000 0.000000 0.000000 0.000000 
0.000000 0.000000 0.000000 0.000000 0.000000 
0.000000 0.000000 0.000000 0.000000 0.000000 
0.000000 0.000000 0.000000 0.000000 0.000000 
0.000000 0.000000 0.000000 0.000000 0.000000 
0.000000 0.000000 0.000000 0.000000 0.000000 
0.000000 0.000000 0.000000 0.000000 0.000000 
0.000000 0.000000 0.000000 0.000000 0.000000 
0.000000 0.000000 0.000000 0.000000 0.000000 
0.000000 0.000000 0.000000 0.000000 0.000000 
0.000000 0.000000 0.000000 0.000000 0.000000 
0.000000 0.000000 0.000000 0.000000 0.000000 
0.000000 0.000000 0.000000 0.000000 0.000000 
0.000000 0.000000 0.000000 0.000000 0.000000 
0.000000 0.000000 0.000000 0.000000 0.000000 
0.000000 0.000000 0.000000 0.000000 0.000000 
0.000000 0.000000 0.000000 0.000000 0.000000 
0.000000 0.000000 0.000000 0.000000 0.000000 
0.000000 0.000000 0.000000 0.000000 0.000000 
0.000000 0.000000 0.000000 0.000000 0.000000 
0.000000 0.000000 0.000000 0.000000 0.000000 
0.000000 0.000000 0.000000 0.000000 0.000000 
0.000000 0.000000 0.000000 0.000000 0.000000 
0.000000 0.000000 0.000000 0.000000 0.000000 
0.000000 0.000000 0.000000 0.000000 0.000000 
0.000000 0.000000 0.000000 0.000000 0.000000 
0.000000 0.000000 0.000000 0.000000 0.000000 
0.000000 0.000000 0.000000 0.000000 0.000000 
0.000000 0.000000 0.000000 0.000000 0.000000 
0.000000 0.000000 0.000000 0.000000 0.000000 
0.000000 0.000000 0.000000 0.000000 0.000000 
0.000000 0.000000 0.000000 0.000000 0.000000 
0.000000 0.000000 0.000000 0.000000 0.000000 
0.000000 0.000000 0.000000 0.000000 0.000000 
0.000000 0.000000 0.000000 0.000000 0.000000 
0.000000 0.000000 0.000000 0.000000 0.000000 
0.000000 0.000000 0.000000 0.000000 0.000000 
0.000000 0.000000 0.000000 0.000000 0.000000 
0.000000 0.000000 0.000000 0.000000 0.000000 
0.000000 0.000000 0.000000 0.000000 0.000000 
0.000000 0.000000 0.000000 0.000000 0.000000 
0.000000 0.000000 0.000000 0.000000 0.000000 
0.000000 0.000000 0.000000 0.000000 0.000000 
0.000000 0.000000 0.000000 0.000000 0.000000 
0.000000 0.000000 0.000000 0.000000 0.000000 
0.000000 0.000000 0.000000 0.000000 0.000000 
0.000000 0.000000 0.000000 0.000000 0.000000 
0.000000 0.000000 0.000000 0.000000 0.000000 
0.000000 0.000000 0.000000 0.000000 0.000000 
0.000000 0.000000 0.000000 0.000000 0.000000 
0.000000 0.000000 0.000000 0.000000 0.000000 
0.000000 0.000000 0.000000 0.000000 0.000000 
0.000000 0.000000 0.000000 0.000000 0.000000 
0.000000 0.000000 0.000000 0.000000 0.000000 
0.000000 0.000000 0.000000 0.000000 0.000000 
0.000000 0.000000 0.000000 0.000000 0.000000 
0.000000 0.000000 0.000000 0.000000 0.000000 
0.000000 0.000000 0.000000 0.000000 0.000000 
0.000000 0.000000 0.000000 0.000000 0.000000 
0.000000 0.000000 0.000000 0.000000 0.000000 
0.000000 0.000000 0.000000 0.000000 0.000000 
0.000000 0.000000 0.000000 0.000000 0.000000 
0.000000 0.000000 0.000000 0.000000 0.000000 
0.000000 0.000000 0.000000 0.000000 0.000000 
0.000000 0.000000 0.000000 0.000000 0.000000 
0.000000 0.000000 0.000000 0.000000 0.000000 
0.000000 0.000000 0.000000 0.000000 0.000000 
0.000000 0.000000 0.000000 0.000000 0.000000 
0.000000 0.000000 0.000000 0.000000 0.000000 
0.000000 0.000000 0.000000 0.000000 0.000000 
0.000000 0.000000 0.000000 0.000000 0.000000 
0.000000 0.000000 0.000000 0.000000 0.000000 
0.000000 0.000000 0.000000 0.000000 0.000000 
0.000000 0.000000 0.000000 0.000000 0.000000 
0.000000 0.000000 0.000000 0.000000 0.000000 
0.000000 0.000000 0.000000 0.000000 0.000000 
0.000000 0.000000 0.000000 0.000000 0.000000 
0.000000 0.000000 0.000000 0.000000 0.000000 
0.000000 0.000000 0.000000 0.000000 0.000000 
0.000000 0.000000 0.000000 0.000000 0.000000 
0.000000 0.000000 0.000000 0.000000 0.000000 
0.000000 0.000000 0.000000 0.000000 0.000000 
0.000000 0.000000 0.000000 0.000000 0.000000 
0.000000 0.000000 0.000000 0.000000 0.000000 
0.000000 0.000000 0.000000 0.000000 0.000000 
0.000000 0.000000 0.000000 0.000000 0.000000 
0.000000 0.000000 0.000000 0.000000 0.000000 
0.000000 0.000000 0.000000 0.000000 0.000000 
0.000000 0.000000 0.000000 0.000000 0.000000 
0.000000 0.000000 0.000000 0.000000 0.000000 
0.000000 0.000000 0.000000 0.000000 0.000000 
0.000000 0.000000 0.000000 0.000000 0.000000 
0.000000 0.000000 0.000000 0.000000 0.000000 
0.000000 0.000000 0.000000 0.000000 0.000000 
0.000000 0.000000 0.000000 0.000000 0.000000 
0.000000 0.000000 0.000000 0.000000 0.000000 
0.000000 0.000000 0.000000 0.000000 0.000000 
0.000000 0.000000 0.000000 0.000000 0.000000 
0.000000 0.000000 0.000000 0.000000 0.000000 
0.000000 0.000000 0.000000 0.000000 0.000000 
0.000000 0.000000 0.000000 0.000000 0.000000 
0.000000 0.000000 0.000000 0.000000 0.000000 
0.000000 0.000000 0.000000 0.000000 0.000000 
0.000000 0.000000 0.000000 0.000000 0.000000 
0.000000 0.000000 0.000000 0.000000 0.000000 
0.000000 0.000000 0.000000 0.000000 0.000000 
0.000000 0.000000 0.000000 0.000000 0.000000 
0.000000 0.000000 0.000000 0.000000 0.000000 
0.000000 0.000000 0.000000 0.000000 0.000000 
0.000000 0.000000 0.000000 0.000000 0.000000 
0.000000 0.000000 0.000000 0.000000 0.000000 
0.000000 0.000000 0.000000 0.000000 0.000000 
0.000000 0.000000 0.000000 0.000000 0.000000 
0.000000 0.000000 0.000000 0.000000 0.000000 
0.000000 0.000000 0.000000 0.000000 0.000000 
0.000000 0.000000 0.000000 0.000000 0.000000 
0.000000 0.000000 0.000000 0.000000 0.000000 
0.000000 0.000000 0.000000 0.000000 0.000000 
0.000000 0.000000 0.000000 0.000000 0.000000 
0.000000 0.000000 0.000000 0.000000 0.000000 
0.000000 0.000000 0.000000 0.000000 0.000000 
0.000000 0.000000 0.000000 0.000000 0.000000 
0.000000 0.000000 0.000000 0.000000 0.000000 
0.000000 0.000000 0.000000 0.000000 0.000000 
0.000000 0.000000 0.000000 0.000000 0.000000 
0.000000 0.000000 0.000000 0.000000 0.000000 
0.000000 0.000000 0.000000 0.000000 0.000000 
0.000000 0.000000 0.000000 0.000000 0.000000 
0.000000 0.000000 0.000000 0.000000 0.000000 
0.000000 0.000000 0.000000 0.000000 0.000000 
0.000000 0.000000 0.000000 0.000000 0.000000 
0.000000 0.000000 0.000000 0.000000 0.000000 
0.000000 0.000000 0.000000 0.000000 0.000000 
0.000000 0.000000 0.000000 0.000000 0.000000 
0.000000 0.000000 0.000000 0.000000 0.000000 
0.000000 0.000000 0.000000 0.000000 0.000000 
0.000000 0.000000 0.000000 0.000000 0.000000 
0.000000 0.000000 0.000000 0.000000 0.000000 
0.000000 0.000000 0.000000 0.000000 0.000000 
0.000000 0.000000 0.000000 0.000000 0.000000 
0.000000 0.000000 0.000000 0.000000 0.000000 
0.000000 0.000000 0.000000 0.000000 0.000000 
0.000000 0.000000 0.000000 0.000000 0.000000 
0.000000 0.000000 0.000000 0.000000 0.000000 
0.000000 0.000000 0.000000 0.000000 0.000000 
0.000000 0.000000 0.000000 0.000000 0.000000 
0.000000 0.000000 0.000000 0.000000 0.000000 
0.000000 0.000000 0.000000 0.000000 0.000000 
0.000000 0.000000 0.000000 0.000000 0.000000 
0.000000 0.000000 0.000000 0.000000 0.000000 
0.000000 0.000000 0.000000 0.000000 0.000000 
0.000000 0.000000 0.000000 0.000000 0.000000 
0.000000 0.000000 0.000000 0.000000 0.000000 
0.000000 0.000000 0.000000 0.000000 0.000000 
0.000000 0.000000 0.000000 0.000000 0.000000 
0.000000 0.000000 0.000000 0.000000 0.000000 
0.000000 0.000000 0.000000 0.000000 0.000000 
0.000000 0.000000 0.000000 0.000000 0.000000 
0.000000 0.000000 0.000000 0.000000 0.000000 
0.000000 0.000000 0.000000 0.000000 0.000000 
0.000000 0.000000 0.000000 0.000000 0.000000 
0.000000 0.000000 0.000000 0.000000 0.000000 
0.000000 0.000000 0.000000 0.000000 0.000000 
0.000000 0.000000 0.000000 0.000000 0.000000 
0.000000 0.000000 0.000000 0.000000 0.000000 
0.000000 0.000000 0.000000 0.000000 0.000000 
0.000000 0.000000 0.000000 0.000000 0.000000 
0.000000 0.000000 0.000000 0.000000 0.000000 
0.000000 0.000000 0.000000 0.000000 0.000000 
0.000000 0.000000 0.000000 0.000000 0.000000 
0.000000 0.000000 0.000000 0.000000 0.000000 
0.000000 0.000000 0.000000 0.000000 0.000000 
0.000000 0.000000 0.000000 0.000000 0.000000 
0.000000 0.000000 0.000000 0.000000 0.000000 
0.000000 0.000000 0.000000 0.000000 0.000000 
0.000000 0.000000 0.000000 0.000000 0.000000 
0.000000 0.000000 0.000000 0.000000 0.000000 
0.000000 0.000000 0.000000 0.000000 0.000000 
0.000000 0.000000 0.000000 0.000000 0.000000 
0.000000 0.000000 0.000000 0.000000 0.000000 
0.000000 0.000000 0.000000 0.000000 0.000000 
0.000000 0.000000 0.000000 0.000000 0.000000 
0.000000 0.000000 0.000000 0.000000 0.000000 
0.000000 0.000000 0.000000 0.000000 0.000000 
0.000000 0.000000 0.000000 0.000000 0.000000 
0.000000 0.000000 0.000000 0.000000 0.000000 
0.000000 0.000000 0.000000 0.000000 0.000000 
0.000000 0.000000 0.000000 0.000000 0.000000 
0.000000 0.000000 0.000000 0.000000 0.000000 
0.000000 0.000000 0.000000 0.000000 0.000000 
0.000000 0.000000 0.000000 0.000000 0.000000 
0.000000 0.000000 0.000000 0.000000 0.000000 
0.000000 0.000000 0.000000 0.000000 0.000000 
0.000000 0.000000 0.000000 0.000000 0.000000 
0.000000 0.000000 0.000000 0.000000 0.000000 
0.000000 0.000000 0.000000 0.000000 0.000000 
0.000000 0.000000 0.000000 0.000000 0.000000 
0.000000 0.000000 0.000000 0.000000 0.000000 
0.000000 0.000000 0.000000 0.000000 0.000000 
0.000000 0.000000 0.000000 0.000000 0.000000 
0.000000 0.000000 0.000000 0.000000 0.000000 
0.000000 0.000000 0.000000 0.000000 0.000000 
0.000000 0.000000 0.000000 0.000000 0.000000 
0.000000 0.000000 0.000000 0.000000 0.000000 
0.000000 0.000000 0.000000 0.000000 0.000000 
0.000000 0.000000 0.000000 0.000000 0.000000 
0.000000 0.000000 0.000000 0.000000 0.000000 
0.000000 0.000000 0.000000 0.000000 0.000000 
0.000000 0.000000 0.000000 0.000000 0.000000 
0.000000 0.000000 0.000000 0.000000 0.000000 
0.000000 0.000000 0.000000 0.000000 0.000000 
0.000000 0.000000 0.000000 0.000000 0.000000 
0.000000 0.000000 0.000000 0.000000 0.000000 
0.000000 0.000000 0.000000 0.000000 0.000000 
0.000000 0.000000 0.000000 0.000000 0.000000 
0.000000 0.000000 0.000000 0.000000 0.000000 
0.000000 0.000000 0.000000 0.000000 0.000000 
0.000000 0.000000 0.000000 0.000000 0.000000 
0.000000 0.000000 0.000000 0.000000 0.000000 
0.000000 0.000000 0.000000 0.000000 0.000000 
0.000000 0.000000 0.000000 0.000000 0.000000 
0.000000 0.000000 0.000000 0.000000 0.000000 
0.000000 0.000000 0.000000 0.000000 0.000000 
0.000000 0.000000 0.000000 0.000000 0.000000 
0.000000 0.000000 0.000000 0.000000 0.000000 
0.000000 0.000000 0.000000 0.000000 0.000000 
0.000000 0.000000 0.000000 0.000000 0.000000 
0.000000 0.000000 0.000000 0.000000 0.000000 
0.000000 0.000000 0.000000 0.000000 0.000000 
0.000000 0.000000 0.000000 0.000000 0.000000 
0.000000 0.000000 0.000000 0.000000 0.000000 
0.000000 0.000000 0.000000 0.000000 0.000000 
0.000000 0.000000 0.000000 0.000000 0.000000 
0.000000 0.000000 0.000000 0.000000 0.000000 
0.000000 0.000000 0.000000 0.000000 0.000000 
0.000000 0.000000 0.000000 0.000000 0.000000 
0.000000 0.000000 0.000000 0.000000 0.000000 
0.000000 0.000000 0.000000 0.000000 0.000000 
0.000000 0.000000 0.000000 0.000000 0.000000 
0.000000 0.000000 0.000000 0.000000 0.000000 
0.000000 0.000000 0.000000 0.000000 0.000000 
0.000000 0.000000 0.000000 0.000000 0.000000 
0.000000 0.000000 0.000000 0.000000 0.000000 
0.000000 0.000000 0.000000 0.000000 0.000000 
0.000000 0.000000 0.000000 0.000000 0.000000 
0.000000 0.000000 0.000000 0.000000 0.000000 
0.000000 0.000000 0.000000 0.000000 0.000000 
0.000000 0.000000 0.000000 0.000000 0.000000 
0.000000 0.000000 0.000000 0.000000 0.000000 
0.000000 0.000000 0.000000 0.000000 0.000000 
0.000000 0.000000 0.000000 0.000000 0.000000 
0.000000 0.000000 0.000000 0.000000 0.000000 
0.000000 0.000000 0.000000 0.000000 0.000000 
0.000000 0.000000 0.000000 0.000000 0.000000 
0.000000 0.000000 0.000000 0.000000 0.000000 
0.000000 0.000000 0.000000 0.000000 0.000000 
0.000000 0.000000 0.000000 0.000000 0.000000 
0.000000 0.000000 0.000000 0.000000 0.000000 
0.000000 0.000000 0.000000 0.000000 0.000000 
0.000000 0.000000 0.000000 0.000000 0.000000 
0.000000 0.000000 0.000000 0.000000 0.000000 
0.000000 0.000000 0.000000 0.000000 0.000000 
0.000000 0.000000 0.000000 0.000000 0.000000 
0.000000 0.000000 0.000000 0.000000 0.000000 
0.000000 0.000000 0.000000 0.000000 0.000000 
0.000000 0.000000 0.000000 0.000000 0.000000 
0.000000 0.000000 0.000000 0.000000 0.000000 
0.000000 0.000000 0.000000 0.000000 0.000000 
0.000000 0.000000 0.000000 0.000000 0.000000 
0.000000 0.000000 0.000000 0.000000 0.000000 
0.000000 0.000000 0.000000 0.000000 0.000000 
0.000000 0.000000 0.000000 0.000000 0.000000 
0.000000 0.000000 0.000000 0.000000 0.000000 
0.000000 0.000000 0.000000 0.000000 0.000000 
0.000000 0.000000 0.000000 0.000000 0.000000 
0.000000 0.000000 0.000000 0.000000 0.000000 
0.000000 0.000000 0.000000 0.000000 0.000000 
0.000000 0.000000 0.000000 0.000000 0.000000 
0.000000 0.000000 0.000000 0.000000 0.000000 
0.000000 0.000000 0.000000 0.000000 0.000000 
0.000000 0.000000 0.000000 0.000000 0.000000 
0.000000 0.000000 0.000000 0.000000 0.000000 
0.000000 0.000000 0.000000 0.000000 0.000000 
0.000000 0.000000 0.000000 0.000000 0.000000 
0.000000 0.000000 0.000000 0.000000 0.000000 
0.000000 0.000000 0.000000 0.000000 0.000000 
0.000000 0.000000 0.000000 0.000000 0.000000 
0.000000 0.000000 0.000000 0.000000 0.000000 
0.000000 0.000000 0.000000 0.000000 0.000000 
0.000000 0.000000 0.000000 0.000000 0.000000 
0.000000 0.000000 0.000000 0.000000 0.000000 
0.000000 0.000000 0.000000 0.000000 0.000000 
0.000000 0.000000 0.000000 0.000000 0.000000 
0.000000 0.000000 0.000000 0.000000 0.000000 
0.000000 0.000000 0.000000 0.000000 0.000000 
0.000000 0.000000 0.000000 0.000000 0.000000 
0.000000 0.000000 0.000000 0.000000 0.000000 
0.000000 0.000000 0.000000 0.000000 0.000000 
0.000000 0.000000 0.000000 0.000000 0.000000 
0.000000 0.000000 0.000000 0.000000 0.000000 
0.000000 0.000000 0.000000 0.000000 0.000000 
0.000000 0.000000 0.000000 0.000000 0.000000 
0.000000 0.000000 0.000000 0.000000 0.000000 
0.000000 0.000000 0.000000 0.000000 0.000000 
0.000000 0.000000 0.000000 0.000000 0.000000 
0.000000 0.000000 0.000000 0.000000 0.000000 
0.000000 0.000000 0.000000 0.000000 0.000000 
0.000000 0.000000 0.000000 0.000000 0.000000 
0.000000 0.000000 0.000000 0.000000 0.000000 
0.000000 0.000000 0.000000 0.000000 0.000000 
0.000000 0.000000 0.000000 0.000000 0.000000 
0.000000 0.000000 0.000000 0.000000 0.000000 
0.000000 0.000000 0.000000 0.000000 0.000000 
0.000000 0.000000 0.000000 0.000000 0.000000 
0.000000 0.000000 0.000000 0.000000 0.000000 
0.000000 0.000000 0.000000 0.000000 0.000000 
0.000000 0.000000 0.000000 0.000000 0.000000 
0.000000 0.000000 0.000000 0.000000 0.000000 
0.000000 0.000000 0.000000 0.000000 0.000000 
0.000000 0.000000 0.000000 0.000000 0.000000 
0.000000 0.000000 0.000000 0.000000 0.000000 
0.000000 0.000000 0.000000 0.000000 0.000000 
0.000000 0.000000 0.000000 0.000000 0.000000 
0.000000 0.000000 0.000000 0.000000 0.000000 
0.000000 0.000000 0.000000 0.000000 0.000000 
0.000000 0.000000 0.000000 0.000000 0.000000 
0.000000 0.000000 0.000000 0.000000 0.000000 
0.000000 0.000000 0.000000 0.000000 0.000000 
0.000000 0.000000 0.000000 0.000000 0.000000 
0.000000 0.000000 0.000000 0.000000 0.000000 
0.000000 0.000000 0.000000 0.000000 0.000000 
0.000000 0.000000 0.000000 0.000000 0.000000 
0.000000 0.000000 0.000000 0.000000 0.000000 
0.000000 0.000000 0.000000 0.000000 0.000000 
0.000000 0.000000 0.000000 0.000000 0.000000 
0.000000 0.000000 0.000000 0.000000 0.000000 
0.000000 0.000000 0.000000 0.000000 0.000000 
0.000000 0.000000 0.000000 0.000000 0.000000 
0.000000 0.000000 0.000000 0.000000 0.000000 
0.000000 0.000000 0.000000 0.000000 0.000000 
0.000000 0.000000 0.000000 0.000000 0.000000 
0.000000 0.000000 0.000000 0.000000 0.000000 
