numberOfInputs 1
numberOfOutputs 1
numberOfInterNeurons 4
networkDimension 6
networkActivations
0.000000 0.000000 0.000000 0.000000 0.000000 0.000000 
networkOutputs
0.000000 0.000000 0.000000 0.000000 0.000000 0.000000 
neuronThreshold
0.000000 0.000000 0.000000 0.000000 0.000000 0.000000 
neuronLearningRate
0.000000 0.000000 0.000000 0.000000 0.000000 0.000000 
neuronRefactoryState
0.000000 0.000000 0.000000 0.000000 0.000000 0.000000 
neuronWeightTotal
1.000000 1.000000 1.000000 1.000000 1.000000 1.000000 
networkweights
0 	0 	0 	0 	0 	0 
0 	0.3 	0 	0 	0 	0 
0 	0 	0.3 	0 	0 	0 
0 	0 	0 	0.3 	0 	0 
0 	0 	0 	0 	0.3 	0 
0 	0 	0 	0 	0 	0

networkinputs
0
networkoutputs
0.000000 
networkplasticweightsmask
0 0 0 0 0 0 
0 0 0 0 0 0 
0 0 0 0 0 0 
0 0 0 0 0 0 
0 0 0 0 0 0 
0 0 0 0 0 0 

 | 0.000000 0.000000 0.000000 0.000000 0.000000 0.000000  * 0.000000 0.300000 0.000000 0.000000 0.000000 0.000000  * 0.000000 0.000000 0.400000 0.000000 0.000000 0.000000  * 0.000000 0.000000 0.000000 0.400000 0.000000 0.000000  * 0.000000 0.000000 0.000000 0.000000 0.400000 0.000000  * 0.000000 0.000000 0.000000 0.000000 0.000000 0.000000  *  |
