1.000000 0.000000 1.500000 0.000000 0.000000 
1.000000 0.450000 0.750000 0.000000 0.000000 
1.000000 0.360000 0.390000 0.165000 0.000000 
1.000000 0.225000 0.259500 0.340500 0.049500 
1.000000 0.145350 0.223050 0.376950 0.117000 
1.000000 0.110520 0.245325 0.354675 0.148185 
1.000000 0.106753 0.278494 0.321505 0.150858 
1.000000 0.115574 0.300328 0.299672 0.141709 
1.000000 0.124771 0.308037 0.291963 0.132414 
1.000000 0.129842 0.307115 0.292885 0.127313 
1.000000 0.131087 0.303510 0.296490 0.126059 
1.000000 0.130379 0.300598 0.299402 0.126765 
1.000000 0.129293 0.299274 0.300726 0.127850 
1.000000 0.128570 0.299132 0.300868 0.128573 
1.000000 0.128311 0.299480 0.300520 0.128832 
1.000000 0.128337 0.299844 0.300156 0.128806 
1.000000 0.128454 0.300047 0.299953 0.128688 
1.000000 0.128550 0.300099 0.299901 0.128592 
1.000000 0.128595 0.300072 0.299928 0.128548 
1.000000 0.128600 0.300029 0.299971 0.128543 
1.000000 0.128589 0.300000 0.300000 0.128554 
1.000000 0.128577 0.299990 0.300010 0.128566 
1.000000 0.128570 0.299991 0.300009 0.128573 
1.000000 0.128568 0.299995 0.300005 0.128575 
1.000000 0.128569 0.299999 0.300001 0.128574 
1.000000 0.128570 0.300001 0.299999 0.128572 
1.000000 0.128571 0.300001 0.299999 0.128571 
1.000000 0.128572 0.300001 0.299999 0.128571 
1.000000 0.128572 0.300000 0.300000 0.128571 
1.000000 0.128572 0.300000 0.300000 0.128571 
1.000000 0.128571 0.300000 0.300000 0.128571 
1.000000 0.128571 0.300000 0.300000 0.128571 
1.000000 0.128571 0.300000 0.300000 0.128571 
1.000000 0.128571 0.300000 0.300000 0.128571 
1.000000 0.128571 0.300000 0.300000 0.128571 
1.000000 0.128571 0.300000 0.300000 0.128571 
1.000000 0.128571 0.300000 0.300000 0.128571 
1.000000 0.128571 0.300000 0.300000 0.128571 
1.000000 0.128571 0.300000 0.300000 0.128571 
1.000000 0.128571 0.300000 0.300000 0.128571 
1.000000 0.128571 0.300000 0.300000 0.128571 
1.000000 0.128571 0.300000 0.300000 0.128571 
1.000000 0.128571 0.300000 0.300000 0.128571 
1.000000 0.128571 0.300000 0.300000 0.128571 
1.000000 0.128571 0.300000 0.300000 0.128571 
1.000000 0.128571 0.300000 0.300000 0.128571 
1.000000 0.128571 0.300000 0.300000 0.128571 
1.000000 0.128571 0.300000 0.300000 0.128571 
1.000000 0.128571 0.300000 0.300000 0.128571 
1.000000 0.128571 0.300000 0.300000 0.128571 
1.000000 0.128571 0.300000 0.300000 0.128571 
1.000000 0.128571 0.300000 0.300000 0.128571 
1.000000 0.128571 0.300000 0.300000 0.128571 
1.000000 0.128571 0.300000 0.300000 0.128571 
1.000000 0.128571 0.300000 0.300000 0.128571 
1.000000 0.128571 0.300000 0.300000 0.128571 
1.000000 0.128571 0.300000 0.300000 0.128571 
1.000000 0.128571 0.300000 0.300000 0.128571 
1.000000 0.128571 0.300000 0.300000 0.128571 
1.000000 0.128571 0.300000 0.300000 0.128571 
1.000000 0.128571 0.300000 0.300000 0.128571 
1.000000 0.128571 0.300000 0.300000 0.128571 
1.000000 0.128571 0.300000 0.300000 0.128571 
1.000000 0.128571 0.300000 0.300000 0.128571 
1.000000 0.128571 0.300000 0.300000 0.128571 
1.000000 0.128571 0.300000 0.300000 0.128571 
1.000000 0.128571 0.300000 0.300000 0.128571 
1.000000 0.128571 0.300000 0.300000 0.128571 
1.000000 0.128571 0.300000 0.300000 0.128571 
1.000000 0.128571 0.300000 0.300000 0.128571 
1.000000 0.128571 0.300000 0.300000 0.128571 
1.000000 0.128571 0.300000 0.300000 0.128571 
1.000000 0.128571 0.300000 0.300000 0.128571 
1.000000 0.128571 0.300000 0.300000 0.128571 
1.000000 0.128571 0.300000 0.300000 0.128571 
1.000000 0.128571 0.300000 0.300000 0.128571 
1.000000 0.128571 0.300000 0.300000 0.128571 
1.000000 0.128571 0.300000 0.300000 0.128571 
1.000000 0.128571 0.300000 0.300000 0.128571 
1.000000 0.128571 0.300000 0.300000 0.128571 
1.000000 0.128571 0.300000 0.300000 0.128571 
1.000000 0.128571 0.300000 0.300000 0.128571 
1.000000 0.128571 0.300000 0.300000 0.128571 
1.000000 0.128571 0.300000 0.300000 0.128571 
1.000000 0.128571 0.300000 0.300000 0.128571 
1.000000 0.128571 0.300000 0.300000 0.128571 
1.000000 0.128571 0.300000 0.300000 0.128571 
1.000000 0.128571 0.300000 0.300000 0.128571 
1.000000 0.128571 0.300000 0.300000 0.128571 
1.000000 0.128571 0.300000 0.300000 0.128571 
1.000000 0.128571 0.300000 0.300000 0.128571 
1.000000 0.128571 0.300000 0.300000 0.128571 
1.000000 0.128571 0.300000 0.300000 0.128571 
1.000000 0.128571 0.300000 0.300000 0.128571 
1.000000 0.128571 0.300000 0.300000 0.128571 
1.000000 0.128571 0.300000 0.300000 0.128571 
1.000000 0.128571 0.300000 0.300000 0.128571 
1.000000 0.128571 0.300000 0.300000 0.128571 
1.000000 0.128571 0.300000 0.300000 0.128571 
1.000000 0.128571 0.300000 0.300000 0.128571 
1.000000 0.128571 0.300000 0.300000 0.128571 
1.000000 0.128571 0.300000 0.300000 0.128571 
1.000000 0.128571 0.300000 0.300000 0.128571 
1.000000 0.128571 0.300000 0.300000 0.128571 
1.000000 0.128571 0.300000 0.300000 0.128571 
1.000000 0.128571 0.300000 0.300000 0.128571 
1.000000 0.128571 0.300000 0.300000 0.128571 
1.000000 0.128571 0.300000 0.300000 0.128571 
1.000000 0.128571 0.300000 0.300000 0.128571 
1.000000 0.128571 0.300000 0.300000 0.128571 
1.000000 0.128571 0.300000 0.300000 0.128571 
1.000000 0.128571 0.300000 0.300000 0.128571 
1.000000 0.128571 0.300000 0.300000 0.128571 
1.000000 0.128571 0.300000 0.300000 0.128571 
1.000000 0.128571 0.300000 0.300000 0.128571 
1.000000 0.128571 0.300000 0.300000 0.128571 
1.000000 0.128571 0.300000 0.300000 0.128571 
1.000000 0.128571 0.300000 0.300000 0.128571 
1.000000 0.128571 0.300000 0.300000 0.128571 
1.000000 0.128571 0.300000 0.300000 0.128571 
1.000000 0.128571 0.300000 0.300000 0.128571 
1.000000 0.128571 0.300000 0.300000 0.128571 
1.000000 0.128571 0.300000 0.300000 0.128571 
1.000000 0.128571 0.300000 0.300000 0.128571 
1.000000 0.128571 0.300000 0.300000 0.128571 
1.000000 0.128571 0.300000 0.300000 0.128571 
1.000000 0.128571 0.300000 0.300000 0.128571 
1.000000 0.128571 0.300000 0.300000 0.128571 
1.000000 0.128571 0.300000 0.300000 0.128571 
1.000000 0.128571 0.300000 0.300000 0.128571 
1.000000 0.128571 0.300000 0.300000 0.128571 
1.000000 0.128571 0.300000 0.300000 0.128571 
1.000000 0.128571 0.300000 0.300000 0.128571 
1.000000 0.128571 0.300000 0.300000 0.128571 
1.000000 0.128571 0.300000 0.300000 0.128571 
1.000000 0.128571 0.300000 0.300000 0.128571 
1.000000 0.128571 0.300000 0.300000 0.128571 
1.000000 0.128571 0.300000 0.300000 0.128571 
1.000000 0.128571 0.300000 0.300000 0.128571 
1.000000 0.128571 0.300000 0.300000 0.128571 
1.000000 0.128571 0.300000 0.300000 0.128571 
1.000000 0.128571 0.300000 0.300000 0.128571 
1.000000 0.128571 0.300000 0.300000 0.128571 
1.000000 0.128571 0.300000 0.300000 0.128571 
1.000000 0.128571 0.300000 0.300000 0.128571 
1.000000 0.128571 0.300000 0.300000 0.128571 
1.000000 0.128571 0.300000 0.300000 0.128571 
1.000000 0.128571 0.300000 0.300000 0.128571 
1.000000 0.128571 0.300000 0.300000 0.128571 
1.000000 0.128571 0.300000 0.300000 0.128571 
1.000000 0.128571 0.300000 0.300000 0.128571 
1.000000 0.128571 0.300000 0.300000 0.128571 
1.000000 0.128571 0.300000 0.300000 0.128571 
1.000000 0.128571 0.300000 0.300000 0.128571 
1.000000 0.128571 0.300000 0.300000 0.128571 
1.000000 0.128571 0.300000 0.300000 0.128571 
1.000000 0.128571 0.300000 0.300000 0.128571 
1.000000 0.128571 0.300000 0.300000 0.128571 
1.000000 0.128571 0.300000 0.300000 0.128571 
1.000000 0.128571 0.300000 0.300000 0.128571 
1.000000 0.128571 0.300000 0.300000 0.128571 
1.000000 0.128571 0.300000 0.300000 0.128571 
1.000000 0.128571 0.300000 0.300000 0.128571 
1.000000 0.128571 0.300000 0.300000 0.128571 
1.000000 0.128571 0.300000 0.300000 0.128571 
1.000000 0.128571 0.300000 0.300000 0.128571 
1.000000 0.128571 0.300000 0.300000 0.128571 
1.000000 0.128571 0.300000 0.300000 0.128571 
1.000000 0.128571 0.300000 0.300000 0.128571 
1.000000 0.128571 0.300000 0.300000 0.128571 
1.000000 0.128571 0.300000 0.300000 0.128571 
1.000000 0.128571 0.300000 0.300000 0.128571 
1.000000 0.128571 0.300000 0.300000 0.128571 
1.000000 0.128571 0.300000 0.300000 0.128571 
1.000000 0.128571 0.300000 0.300000 0.128571 
1.000000 0.128571 0.300000 0.300000 0.128571 
1.000000 0.128571 0.300000 0.300000 0.128571 
1.000000 0.128571 0.300000 0.300000 0.128571 
1.000000 0.128571 0.300000 0.300000 0.128571 
1.000000 0.128571 0.300000 0.300000 0.128571 
1.000000 0.128571 0.300000 0.300000 0.128571 
1.000000 0.128571 0.300000 0.300000 0.128571 
1.000000 0.128571 0.300000 0.300000 0.128571 
1.000000 0.128571 0.300000 0.300000 0.128571 
1.000000 0.128571 0.300000 0.300000 0.128571 
1.000000 0.128571 0.300000 0.300000 0.128571 
1.000000 0.128571 0.300000 0.300000 0.128571 
1.000000 0.128571 0.300000 0.300000 0.128571 
1.000000 0.128571 0.300000 0.300000 0.128571 
1.000000 0.128571 0.300000 0.300000 0.128571 
1.000000 0.128571 0.300000 0.300000 0.128571 
1.000000 0.128571 0.300000 0.300000 0.128571 
1.000000 0.128571 0.300000 0.300000 0.128571 
1.000000 0.128571 0.300000 0.300000 0.128571 
1.000000 0.128571 0.300000 0.300000 0.128571 
1.000000 0.128571 0.300000 0.300000 0.128571 
1.000000 0.128571 0.300000 0.300000 0.128571 
1.000000 0.128571 0.300000 0.300000 0.128571 
1.000000 0.128571 0.300000 0.300000 0.128571 
1.000000 0.128571 0.300000 0.300000 0.128571 
1.000000 0.128571 0.300000 0.300000 0.128571 
1.000000 0.128571 0.300000 0.300000 0.128571 
1.000000 0.128571 0.300000 0.300000 0.128571 
1.000000 0.128571 0.300000 0.300000 0.128571 
1.000000 0.128571 0.300000 0.300000 0.128571 
1.000000 0.128571 0.300000 0.300000 0.128571 
1.000000 0.128571 0.300000 0.300000 0.128571 
1.000000 0.128571 0.300000 0.300000 0.128571 
1.000000 0.128571 0.300000 0.300000 0.128571 
1.000000 0.128571 0.300000 0.300000 0.128571 
1.000000 0.128571 0.300000 0.300000 0.128571 
1.000000 0.128571 0.300000 0.300000 0.128571 
1.000000 0.128571 0.300000 0.300000 0.128571 
1.000000 0.128571 0.300000 0.300000 0.128571 
1.000000 0.128571 0.300000 0.300000 0.128571 
1.000000 0.128571 0.300000 0.300000 0.128571 
1.000000 0.128571 0.300000 0.300000 0.128571 
1.000000 0.128571 0.300000 0.300000 0.128571 
1.000000 0.128571 0.300000 0.300000 0.128571 
1.000000 0.128571 0.300000 0.300000 0.128571 
1.000000 0.128571 0.300000 0.300000 0.128571 
1.000000 0.128571 0.300000 0.300000 0.128571 
1.000000 0.128571 0.300000 0.300000 0.128571 
1.000000 0.128571 0.300000 0.300000 0.128571 
1.000000 0.128571 0.300000 0.300000 0.128571 
1.000000 0.128571 0.300000 0.300000 0.128571 
1.000000 0.128571 0.300000 0.300000 0.128571 
1.000000 0.128571 0.300000 0.300000 0.128571 
1.000000 0.128571 0.300000 0.300000 0.128571 
1.000000 0.128571 0.300000 0.300000 0.128571 
1.000000 0.128571 0.300000 0.300000 0.128571 
1.000000 0.128571 0.300000 0.300000 0.128571 
1.000000 0.128571 0.300000 0.300000 0.128571 
1.000000 0.128571 0.300000 0.300000 0.128571 
1.000000 0.128571 0.300000 0.300000 0.128571 
1.000000 0.128571 0.300000 0.300000 0.128571 
1.000000 0.128571 0.300000 0.300000 0.128571 
1.000000 0.128571 0.300000 0.300000 0.128571 
1.000000 0.128571 0.300000 0.300000 0.128571 
1.000000 0.128571 0.300000 0.300000 0.128571 
1.000000 0.128571 0.300000 0.300000 0.128571 
1.000000 0.128571 0.300000 0.300000 0.128571 
1.000000 0.128571 0.300000 0.300000 0.128571 
1.000000 0.128571 0.300000 0.300000 0.128571 
1.000000 0.128571 0.300000 0.300000 0.128571 
1.000000 0.128571 0.300000 0.300000 0.128571 
1.000000 0.128571 0.300000 0.300000 0.128571 
1.000000 0.128571 0.300000 0.300000 0.128571 
1.000000 0.128571 0.300000 0.300000 0.128571 
1.000000 0.128571 0.300000 0.300000 0.128571 
1.000000 0.128571 0.300000 0.300000 0.128571 
1.000000 0.128571 0.300000 0.300000 0.128571 
1.000000 0.128571 0.300000 0.300000 0.128571 
1.000000 0.128571 0.300000 0.300000 0.128571 
1.000000 0.128571 0.300000 0.300000 0.128571 
1.000000 0.128571 0.300000 0.300000 0.128571 
1.000000 0.128571 0.300000 0.300000 0.128571 
1.000000 0.128571 0.300000 0.300000 0.128571 
1.000000 0.128571 0.300000 0.300000 0.128571 
1.000000 0.128571 0.300000 0.300000 0.128571 
1.000000 0.128571 0.300000 0.300000 0.128571 
1.000000 0.128571 0.300000 0.300000 0.128571 
1.000000 0.128571 0.300000 0.300000 0.128571 
1.000000 0.128571 0.300000 0.300000 0.128571 
1.000000 0.128571 0.300000 0.300000 0.128571 
1.000000 0.128571 0.300000 0.300000 0.128571 
1.000000 0.128571 0.300000 0.300000 0.128571 
1.000000 0.128571 0.300000 0.300000 0.128571 
1.000000 0.128571 0.300000 0.300000 0.128571 
1.000000 0.128571 0.300000 0.300000 0.128571 
1.000000 0.128571 0.300000 0.300000 0.128571 
1.000000 0.128571 0.300000 0.300000 0.128571 
1.000000 0.128571 0.300000 0.300000 0.128571 
1.000000 0.128571 0.300000 0.300000 0.128571 
1.000000 0.128571 0.300000 0.300000 0.128571 
1.000000 0.128571 0.300000 0.300000 0.128571 
1.000000 0.128571 0.300000 0.300000 0.128571 
1.000000 0.128571 0.300000 0.300000 0.128571 
1.000000 0.128571 0.300000 0.300000 0.128571 
1.000000 0.128571 0.300000 0.300000 0.128571 
1.000000 0.128571 0.300000 0.300000 0.128571 
1.000000 0.128571 0.300000 0.300000 0.128571 
1.000000 0.128571 0.300000 0.300000 0.128571 
1.000000 0.128571 0.300000 0.300000 0.128571 
1.000000 0.128571 0.300000 0.300000 0.128571 
1.000000 0.128571 0.300000 0.300000 0.128571 
1.000000 0.128571 0.300000 0.300000 0.128571 
1.000000 0.128571 0.300000 0.300000 0.128571 
1.000000 0.128571 0.300000 0.300000 0.128571 
1.000000 0.128571 0.300000 0.300000 0.128571 
1.000000 0.128571 0.300000 0.300000 0.128571 
1.000000 0.128571 0.300000 0.300000 0.128571 
1.000000 0.128571 0.300000 0.300000 0.128571 
1.000000 0.128571 0.300000 0.300000 0.128571 
1.000000 0.128571 0.300000 0.300000 0.128571 
1.000000 0.128571 0.300000 0.300000 0.128571 
1.000000 0.128571 0.300000 0.300000 0.128571 
1.000000 0.128571 0.300000 0.300000 0.128571 
1.000000 0.128571 0.300000 0.300000 0.128571 
1.000000 0.128571 0.300000 0.300000 0.128571 
1.000000 0.128571 0.300000 0.300000 0.128571 
1.000000 0.128571 0.300000 0.300000 0.128571 
1.000000 0.128571 0.300000 0.300000 0.128571 
1.000000 0.128571 0.300000 0.300000 0.128571 
1.000000 0.128571 0.300000 0.300000 0.128571 
1.000000 0.128571 0.300000 0.300000 0.128571 
1.000000 0.128571 0.300000 0.300000 0.128571 
1.000000 0.128571 0.300000 0.300000 0.128571 
1.000000 0.128571 0.300000 0.300000 0.128571 
1.000000 0.128571 0.300000 0.300000 0.128571 
1.000000 0.128571 0.300000 0.300000 0.128571 
1.000000 0.128571 0.300000 0.300000 0.128571 
1.000000 0.128571 0.300000 0.300000 0.128571 
1.000000 0.128571 0.300000 0.300000 0.128571 
1.000000 0.128571 0.300000 0.300000 0.128571 
1.000000 0.128571 0.300000 0.300000 0.128571 
1.000000 0.128571 0.300000 0.300000 0.128571 
1.000000 0.128571 0.300000 0.300000 0.128571 
1.000000 0.128571 0.300000 0.300000 0.128571 
1.000000 0.128571 0.300000 0.300000 0.128571 
1.000000 0.128571 0.300000 0.300000 0.128571 
1.000000 0.128571 0.300000 0.300000 0.128571 
1.000000 0.128571 0.300000 0.300000 0.128571 
1.000000 0.128571 0.300000 0.300000 0.128571 
1.000000 0.128571 0.300000 0.300000 0.128571 
1.000000 0.128571 0.300000 0.300000 0.128571 
1.000000 0.128571 0.300000 0.300000 0.128571 
1.000000 0.128571 0.300000 0.300000 0.128571 
1.000000 0.128571 0.300000 0.300000 0.128571 
1.000000 0.128571 0.300000 0.300000 0.128571 
1.000000 0.128571 0.300000 0.300000 0.128571 
1.000000 0.128571 0.300000 0.300000 0.128571 
1.000000 0.128571 0.300000 0.300000 0.128571 
1.000000 0.128571 0.300000 0.300000 0.128571 
1.000000 0.128571 0.300000 0.300000 0.128571 
1.000000 0.128571 0.300000 0.300000 0.128571 
1.000000 0.128571 0.300000 0.300000 0.128571 
1.000000 0.128571 0.300000 0.300000 0.128571 
1.000000 0.128571 0.300000 0.300000 0.128571 
1.000000 0.128571 0.300000 0.300000 0.128571 
1.000000 0.128571 0.300000 0.300000 0.128571 
1.000000 0.128571 0.300000 0.300000 0.128571 
1.000000 0.128571 0.300000 0.300000 0.128571 
1.000000 0.128571 0.300000 0.300000 0.128571 
1.000000 0.128571 0.300000 0.300000 0.128571 
1.000000 0.128571 0.300000 0.300000 0.128571 
1.000000 0.128571 0.300000 0.300000 0.128571 
1.000000 0.128571 0.300000 0.300000 0.128571 
1.000000 0.128571 0.300000 0.300000 0.128571 
1.000000 0.128571 0.300000 0.300000 0.128571 
1.000000 0.128571 0.300000 0.300000 0.128571 
1.000000 0.128571 0.300000 0.300000 0.128571 
1.000000 0.128571 0.300000 0.300000 0.128571 
1.000000 0.128571 0.300000 0.300000 0.128571 
1.000000 0.128571 0.300000 0.300000 0.128571 
1.000000 0.128571 0.300000 0.300000 0.128571 
1.000000 0.128571 0.300000 0.300000 0.128571 
1.000000 0.128571 0.300000 0.300000 0.128571 
1.000000 0.128571 0.300000 0.300000 0.128571 
1.000000 0.128571 0.300000 0.300000 0.128571 
1.000000 0.128571 0.300000 0.300000 0.128571 
1.000000 0.128571 0.300000 0.300000 0.128571 
1.000000 0.128571 0.300000 0.300000 0.128571 
1.000000 0.128571 0.300000 0.300000 0.128571 
1.000000 0.128571 0.300000 0.300000 0.128571 
1.000000 0.128571 0.300000 0.300000 0.128571 
1.000000 0.128571 0.300000 0.300000 0.128571 
1.000000 0.128571 0.300000 0.300000 0.128571 
1.000000 0.128571 0.300000 0.300000 0.128571 
1.000000 0.128571 0.300000 0.300000 0.128571 
1.000000 0.128571 0.300000 0.300000 0.128571 
1.000000 0.128571 0.300000 0.300000 0.128571 
1.000000 0.128571 0.300000 0.300000 0.128571 
1.000000 0.128571 0.300000 0.300000 0.128571 
1.000000 0.128571 0.300000 0.300000 0.128571 
1.000000 0.128571 0.300000 0.300000 0.128571 
1.000000 0.128571 0.300000 0.300000 0.128571 
1.000000 0.128571 0.300000 0.300000 0.128571 
1.000000 0.128571 0.300000 0.300000 0.128571 
1.000000 0.128571 0.300000 0.300000 0.128571 
1.000000 0.128571 0.300000 0.300000 0.128571 
1.000000 0.128571 0.300000 0.300000 0.128571 
1.000000 0.128571 0.300000 0.300000 0.128571 
1.000000 0.128571 0.300000 0.300000 0.128571 
1.000000 0.128571 0.300000 0.300000 0.128571 
1.000000 0.128571 0.300000 0.300000 0.128571 
1.000000 0.128571 0.300000 0.300000 0.128571 
1.000000 0.128571 0.300000 0.300000 0.128571 
1.000000 0.128571 0.300000 0.300000 0.128571 
1.000000 0.128571 0.300000 0.300000 0.128571 
1.000000 0.128571 0.300000 0.300000 0.128571 
1.000000 0.128571 0.300000 0.300000 0.128571 
1.000000 0.128571 0.300000 0.300000 0.128571 
1.000000 0.128571 0.300000 0.300000 0.128571 
1.000000 0.128571 0.300000 0.300000 0.128571 
1.000000 0.128571 0.300000 0.300000 0.128571 
1.000000 0.128571 0.300000 0.300000 0.128571 
1.000000 0.128571 0.300000 0.300000 0.128571 
1.000000 0.128571 0.300000 0.300000 0.128571 
1.000000 0.128571 0.300000 0.300000 0.128571 
1.000000 0.128571 0.300000 0.300000 0.128571 
1.000000 0.128571 0.300000 0.300000 0.128571 
1.000000 0.128571 0.300000 0.300000 0.128571 
1.000000 0.128571 0.300000 0.300000 0.128571 
1.000000 0.128571 0.300000 0.300000 0.128571 
1.000000 0.128571 0.300000 0.300000 0.128571 
1.000000 0.128571 0.300000 0.300000 0.128571 
1.000000 0.128571 0.300000 0.300000 0.128571 
1.000000 0.128571 0.300000 0.300000 0.128571 
1.000000 0.128571 0.300000 0.300000 0.128571 
1.000000 0.128571 0.300000 0.300000 0.128571 
1.000000 0.128571 0.300000 0.300000 0.128571 
1.000000 0.128571 0.300000 0.300000 0.128571 
1.000000 0.128571 0.300000 0.300000 0.128571 
1.000000 0.128571 0.300000 0.300000 0.128571 
1.000000 0.128571 0.300000 0.300000 0.128571 
1.000000 0.128571 0.300000 0.300000 0.128571 
1.000000 0.128571 0.300000 0.300000 0.128571 
1.000000 0.128571 0.300000 0.300000 0.128571 
1.000000 0.128571 0.300000 0.300000 0.128571 
1.000000 0.128571 0.300000 0.300000 0.128571 
1.000000 0.128571 0.300000 0.300000 0.128571 
1.000000 0.128571 0.300000 0.300000 0.128571 
1.000000 0.128571 0.300000 0.300000 0.128571 
1.000000 0.128571 0.300000 0.300000 0.128571 
1.000000 0.128571 0.300000 0.300000 0.128571 
1.000000 0.128571 0.300000 0.300000 0.128571 
1.000000 0.128571 0.300000 0.300000 0.128571 
1.000000 0.128571 0.300000 0.300000 0.128571 
1.000000 0.128571 0.300000 0.300000 0.128571 
1.000000 0.128571 0.300000 0.300000 0.128571 
1.000000 0.128571 0.300000 0.300000 0.128571 
1.000000 0.128571 0.300000 0.300000 0.128571 
1.000000 0.128571 0.300000 0.300000 0.128571 
1.000000 0.128571 0.300000 0.300000 0.128571 
1.000000 0.128571 0.300000 0.300000 0.128571 
1.000000 0.128571 0.300000 0.300000 0.128571 
1.000000 0.128571 0.300000 0.300000 0.128571 
1.000000 0.128571 0.300000 0.300000 0.128571 
1.000000 0.128571 0.300000 0.300000 0.128571 
1.000000 0.128571 0.300000 0.300000 0.128571 
1.000000 0.128571 0.300000 0.300000 0.128571 
1.000000 0.128571 0.300000 0.300000 0.128571 
1.000000 0.128571 0.300000 0.300000 0.128571 
1.000000 0.128571 0.300000 0.300000 0.128571 
1.000000 0.128571 0.300000 0.300000 0.128571 
1.000000 0.128571 0.300000 0.300000 0.128571 
1.000000 0.128571 0.300000 0.300000 0.128571 
1.000000 0.128571 0.300000 0.300000 0.128571 
1.000000 0.128571 0.300000 0.300000 0.128571 
1.000000 0.128571 0.300000 0.300000 0.128571 
1.000000 0.128571 0.300000 0.300000 0.128571 
1.000000 0.128571 0.300000 0.300000 0.128571 
1.000000 0.128571 0.300000 0.300000 0.128571 
1.000000 0.128571 0.300000 0.300000 0.128571 
1.000000 0.128571 0.300000 0.300000 0.128571 
1.000000 0.128571 0.300000 0.300000 0.128571 
1.000000 0.128571 0.300000 0.300000 0.128571 
1.000000 0.128571 0.300000 0.300000 0.128571 
1.000000 0.128571 0.300000 0.300000 0.128571 
1.000000 0.128571 0.300000 0.300000 0.128571 
1.000000 0.128571 0.300000 0.300000 0.128571 
1.000000 0.128571 0.300000 0.300000 0.128571 
1.000000 0.128571 0.300000 0.300000 0.128571 
1.000000 0.128571 0.300000 0.300000 0.128571 
1.000000 0.128571 0.300000 0.300000 0.128571 
1.000000 0.128571 0.300000 0.300000 0.128571 
1.000000 0.128571 0.300000 0.300000 0.128571 
1.000000 0.128571 0.300000 0.300000 0.128571 
1.000000 0.128571 0.300000 0.300000 0.128571 
1.000000 0.128571 0.300000 0.300000 0.128571 
1.000000 0.128571 0.300000 0.300000 0.128571 
1.000000 0.128571 0.300000 0.300000 0.128571 
1.000000 0.128571 0.300000 0.300000 0.128571 
1.000000 0.128571 0.300000 0.300000 0.128571 
1.000000 0.128571 0.300000 0.300000 0.128571 
1.000000 0.128571 0.300000 0.300000 0.128571 
1.000000 0.128571 0.300000 0.300000 0.128571 
1.000000 0.128571 0.300000 0.300000 0.128571 
1.000000 0.128571 0.300000 0.300000 0.128571 
1.000000 0.128571 0.300000 0.300000 0.128571 
1.000000 0.128571 0.300000 0.300000 0.128571 
1.000000 0.128571 0.300000 0.300000 0.128571 
1.000000 0.128571 0.300000 0.300000 0.128571 
1.000000 0.128571 0.300000 0.300000 0.128571 
1.000000 0.128571 0.300000 0.300000 0.128571 
1.000000 0.128571 0.300000 0.300000 0.128571 
1.000000 0.128571 0.300000 0.300000 0.128571 
1.000000 0.128571 0.300000 0.300000 0.128571 
1.000000 0.128571 0.300000 0.300000 0.128571 
1.000000 0.128571 0.300000 0.300000 0.128571 
1.000000 0.128571 0.300000 0.300000 0.128571 
1.000000 0.128571 0.300000 0.300000 0.128571 
1.000000 0.128571 0.300000 0.300000 0.128571 
1.000000 0.128571 0.300000 0.300000 0.128571 
1.000000 0.128571 0.300000 0.300000 0.128571 
1.000000 0.128571 0.300000 0.300000 0.128571 
1.000000 0.128571 0.300000 0.300000 0.128571 
1.000000 0.128571 0.300000 0.300000 0.128571 
1.000000 0.128571 0.300000 0.300000 0.128571 
0.000000 0.128571 0.300000 0.300000 0.128571 
0.000000 0.128571 0.000000 0.000000 0.128571 
0.000000 0.038571 0.000000 0.000000 0.038571 
0.000000 0.011571 0.000000 0.000000 0.011571 
0.000000 0.003471 0.000000 0.000000 0.003471 
0.000000 0.001041 0.000000 0.000000 0.001041 
0.000000 0.000312 0.000000 0.000000 0.000312 
0.000000 0.000094 0.000000 0.000000 0.000094 
0.000000 0.000028 0.000000 0.000000 0.000028 
0.000000 0.000008 0.000000 0.000000 0.000008 
0.000000 0.000003 0.000000 0.000000 0.000003 
0.000000 0.000001 0.000000 0.000000 0.000001 
0.000000 0.000000 0.000000 0.000000 0.000000 
0.000000 0.000000 0.000000 0.000000 0.000000 
0.000000 0.000000 0.000000 0.000000 0.000000 
0.000000 0.000000 0.000000 0.000000 0.000000 
0.000000 0.000000 0.000000 0.000000 0.000000 
0.000000 0.000000 0.000000 0.000000 0.000000 
0.000000 0.000000 0.000000 0.000000 0.000000 
0.000000 0.000000 0.000000 0.000000 0.000000 
0.000000 0.000000 0.000000 0.000000 0.000000 
0.000000 0.000000 0.000000 0.000000 0.000000 
0.000000 0.000000 0.000000 0.000000 0.000000 
0.000000 0.000000 0.000000 0.000000 0.000000 
0.000000 0.000000 0.000000 0.000000 0.000000 
0.000000 0.000000 0.000000 0.000000 0.000000 
0.000000 0.000000 0.000000 0.000000 0.000000 
0.000000 0.000000 0.000000 0.000000 0.000000 
0.000000 0.000000 0.000000 0.000000 0.000000 
0.000000 0.000000 0.000000 0.000000 0.000000 
0.000000 0.000000 0.000000 0.000000 0.000000 
0.000000 0.000000 0.000000 0.000000 0.000000 
0.000000 0.000000 0.000000 0.000000 0.000000 
0.000000 0.000000 0.000000 0.000000 0.000000 
0.000000 0.000000 0.000000 0.000000 0.000000 
0.000000 0.000000 0.000000 0.000000 0.000000 
0.000000 0.000000 0.000000 0.000000 0.000000 
0.000000 0.000000 0.000000 0.000000 0.000000 
0.000000 0.000000 0.000000 0.000000 0.000000 
0.000000 0.000000 0.000000 0.000000 0.000000 
0.000000 0.000000 0.000000 0.000000 0.000000 
0.000000 0.000000 0.000000 0.000000 0.000000 
0.000000 0.000000 0.000000 0.000000 0.000000 
0.000000 0.000000 0.000000 0.000000 0.000000 
0.000000 0.000000 0.000000 0.000000 0.000000 
0.000000 0.000000 0.000000 0.000000 0.000000 
0.000000 0.000000 0.000000 0.000000 0.000000 
0.000000 0.000000 0.000000 0.000000 0.000000 
0.000000 0.000000 0.000000 0.000000 0.000000 
0.000000 0.000000 0.000000 0.000000 0.000000 
0.000000 0.000000 0.000000 0.000000 0.000000 
0.000000 0.000000 0.000000 0.000000 0.000000 
0.000000 0.000000 0.000000 0.000000 0.000000 
0.000000 0.000000 0.000000 0.000000 0.000000 
0.000000 0.000000 0.000000 0.000000 0.000000 
0.000000 0.000000 0.000000 0.000000 0.000000 
0.000000 0.000000 0.000000 0.000000 0.000000 
0.000000 0.000000 0.000000 0.000000 0.000000 
0.000000 0.000000 0.000000 0.000000 0.000000 
0.000000 0.000000 0.000000 0.000000 0.000000 
0.000000 0.000000 0.000000 0.000000 0.000000 
0.000000 0.000000 0.000000 0.000000 0.000000 
0.000000 0.000000 0.000000 0.000000 0.000000 
0.000000 0.000000 0.000000 0.000000 0.000000 
0.000000 0.000000 0.000000 0.000000 0.000000 
0.000000 0.000000 0.000000 0.000000 0.000000 
0.000000 0.000000 0.000000 0.000000 0.000000 
0.000000 0.000000 0.000000 0.000000 0.000000 
0.000000 0.000000 0.000000 0.000000 0.000000 
0.000000 0.000000 0.000000 0.000000 0.000000 
0.000000 0.000000 0.000000 0.000000 0.000000 
0.000000 0.000000 0.000000 0.000000 0.000000 
0.000000 0.000000 0.000000 0.000000 0.000000 
0.000000 0.000000 0.000000 0.000000 0.000000 
0.000000 0.000000 0.000000 0.000000 0.000000 
0.000000 0.000000 0.000000 0.000000 0.000000 
0.000000 0.000000 0.000000 0.000000 0.000000 
0.000000 0.000000 0.000000 0.000000 0.000000 
0.000000 0.000000 0.000000 0.000000 0.000000 
0.000000 0.000000 0.000000 0.000000 0.000000 
0.000000 0.000000 0.000000 0.000000 0.000000 
0.000000 0.000000 0.000000 0.000000 0.000000 
0.000000 0.000000 0.000000 0.000000 0.000000 
0.000000 0.000000 0.000000 0.000000 0.000000 
0.000000 0.000000 0.000000 0.000000 0.000000 
0.000000 0.000000 0.000000 0.000000 0.000000 
0.000000 0.000000 0.000000 0.000000 0.000000 
0.000000 0.000000 0.000000 0.000000 0.000000 
0.000000 0.000000 0.000000 0.000000 0.000000 
0.000000 0.000000 0.000000 0.000000 0.000000 
0.000000 0.000000 0.000000 0.000000 0.000000 
0.000000 0.000000 0.000000 0.000000 0.000000 
0.000000 0.000000 0.000000 0.000000 0.000000 
0.000000 0.000000 0.000000 0.000000 0.000000 
0.000000 0.000000 0.000000 0.000000 0.000000 
0.000000 0.000000 0.000000 0.000000 0.000000 
0.000000 0.000000 0.000000 0.000000 0.000000 
0.000000 0.000000 0.000000 0.000000 0.000000 
0.000000 0.000000 0.000000 0.000000 0.000000 
0.000000 0.000000 0.000000 0.000000 0.000000 
0.000000 0.000000 0.000000 0.000000 0.000000 
0.000000 0.000000 0.000000 0.000000 0.000000 
0.000000 0.000000 0.000000 0.000000 0.000000 
0.000000 0.000000 0.000000 0.000000 0.000000 
0.000000 0.000000 0.000000 0.000000 0.000000 
0.000000 0.000000 0.000000 0.000000 0.000000 
0.000000 0.000000 0.000000 0.000000 0.000000 
0.000000 0.000000 0.000000 0.000000 0.000000 
0.000000 0.000000 0.000000 0.000000 0.000000 
0.000000 0.000000 0.000000 0.000000 0.000000 
0.000000 0.000000 0.000000 0.000000 0.000000 
0.000000 0.000000 0.000000 0.000000 0.000000 
0.000000 0.000000 0.000000 0.000000 0.000000 
0.000000 0.000000 0.000000 0.000000 0.000000 
0.000000 0.000000 0.000000 0.000000 0.000000 
0.000000 0.000000 0.000000 0.000000 0.000000 
0.000000 0.000000 0.000000 0.000000 0.000000 
0.000000 0.000000 0.000000 0.000000 0.000000 
0.000000 0.000000 0.000000 0.000000 0.000000 
0.000000 0.000000 0.000000 0.000000 0.000000 
0.000000 0.000000 0.000000 0.000000 0.000000 
0.000000 0.000000 0.000000 0.000000 0.000000 
0.000000 0.000000 0.000000 0.000000 0.000000 
0.000000 0.000000 0.000000 0.000000 0.000000 
0.000000 0.000000 0.000000 0.000000 0.000000 
0.000000 0.000000 0.000000 0.000000 0.000000 
0.000000 0.000000 0.000000 0.000000 0.000000 
0.000000 0.000000 0.000000 0.000000 0.000000 
0.000000 0.000000 0.000000 0.000000 0.000000 
0.000000 0.000000 0.000000 0.000000 0.000000 
0.000000 0.000000 0.000000 0.000000 0.000000 
0.000000 0.000000 0.000000 0.000000 0.000000 
0.000000 0.000000 0.000000 0.000000 0.000000 
0.000000 0.000000 0.000000 0.000000 0.000000 
0.000000 0.000000 0.000000 0.000000 0.000000 
0.000000 0.000000 0.000000 0.000000 0.000000 
0.000000 0.000000 0.000000 0.000000 0.000000 
0.000000 0.000000 0.000000 0.000000 0.000000 
0.000000 0.000000 0.000000 0.000000 0.000000 
0.000000 0.000000 0.000000 0.000000 0.000000 
0.000000 0.000000 0.000000 0.000000 0.000000 
0.000000 0.000000 0.000000 0.000000 0.000000 
0.000000 0.000000 0.000000 0.000000 0.000000 
0.000000 0.000000 0.000000 0.000000 0.000000 
0.000000 0.000000 0.000000 0.000000 0.000000 
0.000000 0.000000 0.000000 0.000000 0.000000 
0.000000 0.000000 0.000000 0.000000 0.000000 
0.000000 0.000000 0.000000 0.000000 0.000000 
0.000000 0.000000 0.000000 0.000000 0.000000 
0.000000 0.000000 0.000000 0.000000 0.000000 
0.000000 0.000000 0.000000 0.000000 0.000000 
0.000000 0.000000 0.000000 0.000000 0.000000 
0.000000 0.000000 0.000000 0.000000 0.000000 
0.000000 0.000000 0.000000 0.000000 0.000000 
0.000000 0.000000 0.000000 0.000000 0.000000 
0.000000 0.000000 0.000000 0.000000 0.000000 
0.000000 0.000000 0.000000 0.000000 0.000000 
0.000000 0.000000 0.000000 0.000000 0.000000 
0.000000 0.000000 0.000000 0.000000 0.000000 
0.000000 0.000000 0.000000 0.000000 0.000000 
0.000000 0.000000 0.000000 0.000000 0.000000 
0.000000 0.000000 0.000000 0.000000 0.000000 
0.000000 0.000000 0.000000 0.000000 0.000000 
0.000000 0.000000 0.000000 0.000000 0.000000 
0.000000 0.000000 0.000000 0.000000 0.000000 
0.000000 0.000000 0.000000 0.000000 0.000000 
0.000000 0.000000 0.000000 0.000000 0.000000 
0.000000 0.000000 0.000000 0.000000 0.000000 
0.000000 0.000000 0.000000 0.000000 0.000000 
0.000000 0.000000 0.000000 0.000000 0.000000 
0.000000 0.000000 0.000000 0.000000 0.000000 
0.000000 0.000000 0.000000 0.000000 0.000000 
0.000000 0.000000 0.000000 0.000000 0.000000 
0.000000 0.000000 0.000000 0.000000 0.000000 
0.000000 0.000000 0.000000 0.000000 0.000000 
0.000000 0.000000 0.000000 0.000000 0.000000 
0.000000 0.000000 0.000000 0.000000 0.000000 
0.000000 0.000000 0.000000 0.000000 0.000000 
0.000000 0.000000 0.000000 0.000000 0.000000 
0.000000 0.000000 0.000000 0.000000 0.000000 
0.000000 0.000000 0.000000 0.000000 0.000000 
0.000000 0.000000 0.000000 0.000000 0.000000 
0.000000 0.000000 0.000000 0.000000 0.000000 
0.000000 0.000000 0.000000 0.000000 0.000000 
0.000000 0.000000 0.000000 0.000000 0.000000 
0.000000 0.000000 0.000000 0.000000 0.000000 
0.000000 0.000000 0.000000 0.000000 0.000000 
0.000000 0.000000 0.000000 0.000000 0.000000 
0.000000 0.000000 0.000000 0.000000 0.000000 
0.000000 0.000000 0.000000 0.000000 0.000000 
0.000000 0.000000 0.000000 0.000000 0.000000 
0.000000 0.000000 0.000000 0.000000 0.000000 
0.000000 0.000000 0.000000 0.000000 0.000000 
0.000000 0.000000 0.000000 0.000000 0.000000 
0.000000 0.000000 0.000000 0.000000 0.000000 
0.000000 0.000000 0.000000 0.000000 0.000000 
0.000000 0.000000 0.000000 0.000000 0.000000 
0.000000 0.000000 0.000000 0.000000 0.000000 
0.000000 0.000000 0.000000 0.000000 0.000000 
0.000000 0.000000 0.000000 0.000000 0.000000 
0.000000 0.000000 0.000000 0.000000 0.000000 
0.000000 0.000000 0.000000 0.000000 0.000000 
0.000000 0.000000 0.000000 0.000000 0.000000 
0.000000 0.000000 0.000000 0.000000 0.000000 
0.000000 0.000000 0.000000 0.000000 0.000000 
0.000000 0.000000 0.000000 0.000000 0.000000 
0.000000 0.000000 0.000000 0.000000 0.000000 
0.000000 0.000000 0.000000 0.000000 0.000000 
0.000000 0.000000 0.000000 0.000000 0.000000 
0.000000 0.000000 0.000000 0.000000 0.000000 
0.000000 0.000000 0.000000 0.000000 0.000000 
0.000000 0.000000 0.000000 0.000000 0.000000 
0.000000 0.000000 0.000000 0.000000 0.000000 
0.000000 0.000000 0.000000 0.000000 0.000000 
0.000000 0.000000 0.000000 0.000000 0.000000 
0.000000 0.000000 0.000000 0.000000 0.000000 
0.000000 0.000000 0.000000 0.000000 0.000000 
0.000000 0.000000 0.000000 0.000000 0.000000 
0.000000 0.000000 0.000000 0.000000 0.000000 
0.000000 0.000000 0.000000 0.000000 0.000000 
0.000000 0.000000 0.000000 0.000000 0.000000 
0.000000 0.000000 0.000000 0.000000 0.000000 
0.000000 0.000000 0.000000 0.000000 0.000000 
0.000000 0.000000 0.000000 0.000000 0.000000 
0.000000 0.000000 0.000000 0.000000 0.000000 
0.000000 0.000000 0.000000 0.000000 0.000000 
0.000000 0.000000 0.000000 0.000000 0.000000 
0.000000 0.000000 0.000000 0.000000 0.000000 
0.000000 0.000000 0.000000 0.000000 0.000000 
0.000000 0.000000 0.000000 0.000000 0.000000 
0.000000 0.000000 0.000000 0.000000 0.000000 
0.000000 0.000000 0.000000 0.000000 0.000000 
0.000000 0.000000 0.000000 0.000000 0.000000 
0.000000 0.000000 0.000000 0.000000 0.000000 
0.000000 0.000000 0.000000 0.000000 0.000000 
0.000000 0.000000 0.000000 0.000000 0.000000 
0.000000 0.000000 0.000000 0.000000 0.000000 
0.000000 0.000000 0.000000 0.000000 0.000000 
0.000000 0.000000 0.000000 0.000000 0.000000 
0.000000 0.000000 0.000000 0.000000 0.000000 
0.000000 0.000000 0.000000 0.000000 0.000000 
0.000000 0.000000 0.000000 0.000000 0.000000 
0.000000 0.000000 0.000000 0.000000 0.000000 
0.000000 0.000000 0.000000 0.000000 0.000000 
0.000000 0.000000 0.000000 0.000000 0.000000 
0.000000 0.000000 0.000000 0.000000 0.000000 
0.000000 0.000000 0.000000 0.000000 0.000000 
0.000000 0.000000 0.000000 0.000000 0.000000 
0.000000 0.000000 0.000000 0.000000 0.000000 
0.000000 0.000000 0.000000 0.000000 0.000000 
0.000000 0.000000 0.000000 0.000000 0.000000 
0.000000 0.000000 0.000000 0.000000 0.000000 
0.000000 0.000000 0.000000 0.000000 0.000000 
0.000000 0.000000 0.000000 0.000000 0.000000 
0.000000 0.000000 0.000000 0.000000 0.000000 
0.000000 0.000000 0.000000 0.000000 0.000000 
0.000000 0.000000 0.000000 0.000000 0.000000 
0.000000 0.000000 0.000000 0.000000 0.000000 
0.000000 0.000000 0.000000 0.000000 0.000000 
0.000000 0.000000 0.000000 0.000000 0.000000 
0.000000 0.000000 0.000000 0.000000 0.000000 
0.000000 0.000000 0.000000 0.000000 0.000000 
0.000000 0.000000 0.000000 0.000000 0.000000 
0.000000 0.000000 0.000000 0.000000 0.000000 
0.000000 0.000000 0.000000 0.000000 0.000000 
0.000000 0.000000 0.000000 0.000000 0.000000 
0.000000 0.000000 0.000000 0.000000 0.000000 
0.000000 0.000000 0.000000 0.000000 0.000000 
0.000000 0.000000 0.000000 0.000000 0.000000 
0.000000 0.000000 0.000000 0.000000 0.000000 
0.000000 0.000000 0.000000 0.000000 0.000000 
0.000000 0.000000 0.000000 0.000000 0.000000 
0.000000 0.000000 0.000000 0.000000 0.000000 
0.000000 0.000000 0.000000 0.000000 0.000000 
0.000000 0.000000 0.000000 0.000000 0.000000 
0.000000 0.000000 0.000000 0.000000 0.000000 
0.000000 0.000000 0.000000 0.000000 0.000000 
0.000000 0.000000 0.000000 0.000000 0.000000 
0.000000 0.000000 0.000000 0.000000 0.000000 
0.000000 0.000000 0.000000 0.000000 0.000000 
0.000000 0.000000 0.000000 0.000000 0.000000 
0.000000 0.000000 0.000000 0.000000 0.000000 
0.000000 0.000000 0.000000 0.000000 0.000000 
0.000000 0.000000 0.000000 0.000000 0.000000 
0.000000 0.000000 0.000000 0.000000 0.000000 
0.000000 0.000000 0.000000 0.000000 0.000000 
0.000000 0.000000 0.000000 0.000000 0.000000 
0.000000 0.000000 0.000000 0.000000 0.000000 
0.000000 0.000000 0.000000 0.000000 0.000000 
0.000000 0.000000 0.000000 0.000000 0.000000 
0.000000 0.000000 0.000000 0.000000 0.000000 
0.000000 0.000000 0.000000 0.000000 0.000000 
0.000000 0.000000 0.000000 0.000000 0.000000 
0.000000 0.000000 0.000000 0.000000 0.000000 
0.000000 0.000000 0.000000 0.000000 0.000000 
0.000000 0.000000 0.000000 0.000000 0.000000 
0.000000 0.000000 0.000000 0.000000 0.000000 
0.000000 0.000000 0.000000 0.000000 0.000000 
0.000000 0.000000 0.000000 0.000000 0.000000 
0.000000 0.000000 0.000000 0.000000 0.000000 
0.000000 0.000000 0.000000 0.000000 0.000000 
0.000000 0.000000 0.000000 0.000000 0.000000 
0.000000 0.000000 0.000000 0.000000 0.000000 
0.000000 0.000000 0.000000 0.000000 0.000000 
0.000000 0.000000 0.000000 0.000000 0.000000 
0.000000 0.000000 0.000000 0.000000 0.000000 
0.000000 0.000000 0.000000 0.000000 0.000000 
0.000000 0.000000 0.000000 0.000000 0.000000 
0.000000 0.000000 0.000000 0.000000 0.000000 
0.000000 0.000000 0.000000 0.000000 0.000000 
0.000000 0.000000 0.000000 0.000000 0.000000 
0.000000 0.000000 0.000000 0.000000 0.000000 
0.000000 0.000000 0.000000 0.000000 0.000000 
0.000000 0.000000 0.000000 0.000000 0.000000 
0.000000 0.000000 0.000000 0.000000 0.000000 
0.000000 0.000000 0.000000 0.000000 0.000000 
0.000000 0.000000 0.000000 0.000000 0.000000 
0.000000 0.000000 0.000000 0.000000 0.000000 
0.000000 0.000000 0.000000 0.000000 0.000000 
0.000000 0.000000 0.000000 0.000000 0.000000 
0.000000 0.000000 0.000000 0.000000 0.000000 
0.000000 0.000000 0.000000 0.000000 0.000000 
0.000000 0.000000 0.000000 0.000000 0.000000 
0.000000 0.000000 0.000000 0.000000 0.000000 
0.000000 0.000000 0.000000 0.000000 0.000000 
0.000000 0.000000 0.000000 0.000000 0.000000 
0.000000 0.000000 0.000000 0.000000 0.000000 
0.000000 0.000000 0.000000 0.000000 0.000000 
0.000000 0.000000 0.000000 0.000000 0.000000 
0.000000 0.000000 0.000000 0.000000 0.000000 
0.000000 0.000000 0.000000 0.000000 0.000000 
0.000000 0.000000 0.000000 0.000000 0.000000 
0.000000 0.000000 0.000000 0.000000 0.000000 
0.000000 0.000000 0.000000 0.000000 0.000000 
0.000000 0.000000 0.000000 0.000000 0.000000 
0.000000 0.000000 0.000000 0.000000 0.000000 
0.000000 0.000000 0.000000 0.000000 0.000000 
0.000000 0.000000 0.000000 0.000000 0.000000 
0.000000 0.000000 0.000000 0.000000 0.000000 
0.000000 0.000000 0.000000 0.000000 0.000000 
0.000000 0.000000 0.000000 0.000000 0.000000 
0.000000 0.000000 0.000000 0.000000 0.000000 
0.000000 0.000000 0.000000 0.000000 0.000000 
0.000000 0.000000 0.000000 0.000000 0.000000 
0.000000 0.000000 0.000000 0.000000 0.000000 
0.000000 0.000000 0.000000 0.000000 0.000000 
0.000000 0.000000 0.000000 0.000000 0.000000 
0.000000 0.000000 0.000000 0.000000 0.000000 
0.000000 0.000000 0.000000 0.000000 0.000000 
0.000000 0.000000 0.000000 0.000000 0.000000 
0.000000 0.000000 0.000000 0.000000 0.000000 
0.000000 0.000000 0.000000 0.000000 0.000000 
0.000000 0.000000 0.000000 0.000000 0.000000 
0.000000 0.000000 0.000000 0.000000 0.000000 
0.000000 0.000000 0.000000 0.000000 0.000000 
0.000000 0.000000 0.000000 0.000000 0.000000 
0.000000 0.000000 0.000000 0.000000 0.000000 
0.000000 0.000000 0.000000 0.000000 0.000000 
0.000000 0.000000 0.000000 0.000000 0.000000 
0.000000 0.000000 0.000000 0.000000 0.000000 
0.000000 0.000000 0.000000 0.000000 0.000000 
0.000000 0.000000 0.000000 0.000000 0.000000 
0.000000 0.000000 0.000000 0.000000 0.000000 
0.000000 0.000000 0.000000 0.000000 0.000000 
0.000000 0.000000 0.000000 0.000000 0.000000 
0.000000 0.000000 0.000000 0.000000 0.000000 
0.000000 0.000000 0.000000 0.000000 0.000000 
0.000000 0.000000 0.000000 0.000000 0.000000 
0.000000 0.000000 0.000000 0.000000 0.000000 
0.000000 0.000000 0.000000 0.000000 0.000000 
0.000000 0.000000 0.000000 0.000000 0.000000 
0.000000 0.000000 0.000000 0.000000 0.000000 
0.000000 0.000000 0.000000 0.000000 0.000000 
0.000000 0.000000 0.000000 0.000000 0.000000 
0.000000 0.000000 0.000000 0.000000 0.000000 
0.000000 0.000000 0.000000 0.000000 0.000000 
0.000000 0.000000 0.000000 0.000000 0.000000 
0.000000 0.000000 0.000000 0.000000 0.000000 
0.000000 0.000000 0.000000 0.000000 0.000000 
0.000000 0.000000 0.000000 0.000000 0.000000 
0.000000 0.000000 0.000000 0.000000 0.000000 
0.000000 0.000000 0.000000 0.000000 0.000000 
0.000000 0.000000 0.000000 0.000000 0.000000 
0.000000 0.000000 0.000000 0.000000 0.000000 
0.000000 0.000000 0.000000 0.000000 0.000000 
0.000000 0.000000 0.000000 0.000000 0.000000 
0.000000 0.000000 0.000000 0.000000 0.000000 
0.000000 0.000000 0.000000 0.000000 0.000000 
0.000000 0.000000 0.000000 0.000000 0.000000 
0.000000 0.000000 0.000000 0.000000 0.000000 
0.000000 0.000000 0.000000 0.000000 0.000000 
0.000000 0.000000 0.000000 0.000000 0.000000 
0.000000 0.000000 0.000000 0.000000 0.000000 
0.000000 0.000000 0.000000 0.000000 0.000000 
0.000000 0.000000 0.000000 0.000000 0.000000 
0.000000 0.000000 0.000000 0.000000 0.000000 
0.000000 0.000000 0.000000 0.000000 0.000000 
0.000000 0.000000 0.000000 0.000000 0.000000 
0.000000 0.000000 0.000000 0.000000 0.000000 
0.000000 0.000000 0.000000 0.000000 0.000000 
0.000000 0.000000 0.000000 0.000000 0.000000 
0.000000 0.000000 0.000000 0.000000 0.000000 
0.000000 0.000000 0.000000 0.000000 0.000000 
0.000000 0.000000 0.000000 0.000000 0.000000 
0.000000 0.000000 0.000000 0.000000 0.000000 
0.000000 0.000000 0.000000 0.000000 0.000000 
0.000000 0.000000 0.000000 0.000000 0.000000 
0.000000 0.000000 0.000000 0.000000 0.000000 
0.000000 0.000000 0.000000 0.000000 0.000000 
0.000000 0.000000 0.000000 0.000000 0.000000 
0.000000 0.000000 0.000000 0.000000 0.000000 
0.000000 0.000000 0.000000 0.000000 0.000000 
0.000000 0.000000 0.000000 0.000000 0.000000 
0.000000 0.000000 0.000000 0.000000 0.000000 
0.000000 0.000000 0.000000 0.000000 0.000000 
0.000000 0.000000 0.000000 0.000000 0.000000 
0.000000 0.000000 0.000000 0.000000 0.000000 
0.000000 0.000000 0.000000 0.000000 0.000000 
0.000000 0.000000 0.000000 0.000000 0.000000 
0.000000 0.000000 0.000000 0.000000 0.000000 
0.000000 0.000000 0.000000 0.000000 0.000000 
0.000000 0.000000 0.000000 0.000000 0.000000 
0.000000 0.000000 0.000000 0.000000 0.000000 
0.000000 0.000000 0.000000 0.000000 0.000000 
0.000000 0.000000 0.000000 0.000000 0.000000 
0.000000 0.000000 0.000000 0.000000 0.000000 
0.000000 0.000000 0.000000 0.000000 0.000000 
0.000000 0.000000 0.000000 0.000000 0.000000 
0.000000 0.000000 0.000000 0.000000 0.000000 
0.000000 0.000000 0.000000 0.000000 0.000000 
0.000000 0.000000 0.000000 0.000000 0.000000 
0.000000 0.000000 0.000000 0.000000 0.000000 
0.000000 0.000000 0.000000 0.000000 0.000000 
0.000000 0.000000 0.000000 0.000000 0.000000 
0.000000 0.000000 0.000000 0.000000 0.000000 
0.000000 0.000000 0.000000 0.000000 0.000000 
0.000000 0.000000 0.000000 0.000000 0.000000 
0.000000 0.000000 0.000000 0.000000 0.000000 
0.000000 0.000000 0.000000 0.000000 0.000000 
0.000000 0.000000 0.000000 0.000000 0.000000 
0.000000 0.000000 0.000000 0.000000 0.000000 
0.000000 0.000000 0.000000 0.000000 0.000000 
0.000000 0.000000 0.000000 0.000000 0.000000 
0.000000 0.000000 0.000000 0.000000 0.000000 
0.000000 0.000000 0.000000 0.000000 0.000000 
0.000000 0.000000 0.000000 0.000000 0.000000 
0.000000 0.000000 0.000000 0.000000 0.000000 
0.000000 0.000000 0.000000 0.000000 0.000000 
0.000000 0.000000 0.000000 0.000000 0.000000 
0.000000 0.000000 0.000000 0.000000 0.000000 
0.000000 0.000000 0.000000 0.000000 0.000000 
0.000000 0.000000 0.000000 0.000000 0.000000 
0.000000 0.000000 0.000000 0.000000 0.000000 
0.000000 0.000000 0.000000 0.000000 0.000000 
0.000000 0.000000 0.000000 0.000000 0.000000 
0.000000 0.000000 0.000000 0.000000 0.000000 
0.000000 0.000000 0.000000 0.000000 0.000000 
0.000000 0.000000 0.000000 0.000000 0.000000 
0.000000 0.000000 0.000000 0.000000 0.000000 
0.000000 0.000000 0.000000 0.000000 0.000000 
0.000000 0.000000 0.000000 0.000000 0.000000 
0.000000 0.000000 0.000000 0.000000 0.000000 
0.000000 0.000000 0.000000 0.000000 0.000000 
0.000000 0.000000 0.000000 0.000000 0.000000 
0.000000 0.000000 0.000000 0.000000 0.000000 
0.000000 0.000000 0.000000 0.000000 0.000000 
0.000000 0.000000 0.000000 0.000000 0.000000 
0.000000 0.000000 0.000000 0.000000 0.000000 
0.000000 0.000000 0.000000 0.000000 0.000000 
0.000000 0.000000 0.000000 0.000000 0.000000 
0.000000 0.000000 0.000000 0.000000 0.000000 
0.000000 0.000000 0.000000 0.000000 0.000000 
0.000000 0.000000 0.000000 0.000000 0.000000 
0.000000 0.000000 0.000000 0.000000 0.000000 
0.000000 0.000000 0.000000 0.000000 0.000000 
0.000000 0.000000 0.000000 0.000000 0.000000 
0.000000 0.000000 0.000000 0.000000 0.000000 
0.000000 0.000000 0.000000 0.000000 0.000000 
0.000000 0.000000 0.000000 0.000000 0.000000 
0.000000 0.000000 0.000000 0.000000 0.000000 
0.000000 0.000000 0.000000 0.000000 0.000000 
0.000000 0.000000 0.000000 0.000000 0.000000 
0.000000 0.000000 0.000000 0.000000 0.000000 
0.000000 0.000000 0.000000 0.000000 0.000000 
0.000000 0.000000 0.000000 0.000000 0.000000 
0.000000 0.000000 0.000000 0.000000 0.000000 
0.000000 0.000000 0.000000 0.000000 0.000000 
0.000000 0.000000 0.000000 0.000000 0.000000 
0.000000 0.000000 0.000000 0.000000 0.000000 
0.000000 0.000000 0.000000 0.000000 0.000000 
0.000000 0.000000 0.000000 0.000000 0.000000 
0.000000 0.000000 0.000000 0.000000 0.000000 
0.000000 0.000000 0.000000 0.000000 0.000000 
0.000000 0.000000 0.000000 0.000000 0.000000 
0.000000 0.000000 0.000000 0.000000 0.000000 
0.000000 0.000000 0.000000 0.000000 0.000000 
0.000000 0.000000 0.000000 0.000000 0.000000 
0.000000 0.000000 0.000000 0.000000 0.000000 
0.000000 0.000000 0.000000 0.000000 0.000000 
0.000000 0.000000 0.000000 0.000000 0.000000 
