0.000000 0.000000 0.300000 0.000000 0.000000 
0.000000 0.090000 0.090000 0.000000 0.000000 
0.000000 0.054000 0.000000 0.000000 0.000000 
0.000000 0.016200 0.000000 0.008100 0.000000 
0.000000 0.004860 0.000000 0.007290 0.002430 
0.000000 0.001458 0.000000 0.002916 0.002916 
0.000000 0.000437 0.000000 0.000437 0.001750 
0.000000 0.000131 0.000000 0.000000 0.000656 
0.000000 0.000039 0.000020 0.000000 0.000197 
0.000000 0.000018 0.000053 0.000000 0.000059 
0.000000 0.000021 0.000028 0.000000 0.000018 
0.000000 0.000015 0.000007 0.000000 0.000005 
0.000000 0.000007 0.000000 0.000000 0.000002 
0.000000 0.000002 0.000000 0.000000 0.000000 
0.000000 0.000001 0.000000 0.000000 0.000000 
0.000000 0.000000 0.000000 0.000000 0.000000 
0.000000 0.000000 0.000000 0.000000 0.000000 
0.000000 0.000000 0.000000 0.000000 0.000000 
0.000000 0.000000 0.000000 0.000000 0.000000 
0.000000 0.000000 0.000000 0.000000 0.000000 
0.000000 0.000000 0.000000 0.000000 0.000000 
0.000000 0.000000 0.000000 0.000000 0.000000 
0.000000 0.000000 0.000000 0.000000 0.000000 
0.000000 0.000000 0.000000 0.000000 0.000000 
0.000000 0.000000 0.000000 0.000000 0.000000 
0.000000 0.000000 0.000000 0.000000 0.000000 
1.000000 0.000000 0.000000 0.000000 0.000000 
1.000000 0.000000 0.300000 0.300000 0.000000 
1.000000 0.090000 0.300000 0.300000 0.090000 
1.000000 0.117000 0.300000 0.300000 0.117000 
1.000000 0.125100 0.300000 0.300000 0.125100 
1.000000 0.127530 0.300000 0.300000 0.127530 
1.000000 0.128259 0.300000 0.300000 0.128259 
1.000000 0.128478 0.300000 0.300000 0.128478 
1.000000 0.128543 0.300000 0.300000 0.128543 
1.000000 0.128563 0.300000 0.300000 0.128563 
1.000000 0.128569 0.300000 0.300000 0.128569 
1.000000 0.128571 0.300000 0.300000 0.128571 
1.000000 0.128571 0.300000 0.300000 0.128571 
1.000000 0.128571 0.300000 0.300000 0.128571 
1.000000 0.128571 0.300000 0.300000 0.128571 
1.000000 0.128571 0.300000 0.300000 0.128571 
1.000000 0.128571 0.300000 0.300000 0.128571 
1.000000 0.128571 0.300000 0.300000 0.128571 
1.000000 0.128571 0.300000 0.300000 0.128571 
1.000000 0.128571 0.300000 0.300000 0.128571 
1.000000 0.128571 0.300000 0.300000 0.128571 
1.000000 0.128571 0.300000 0.300000 0.128571 
1.000000 0.128571 0.300000 0.300000 0.128571 
1.000000 0.128571 0.300000 0.300000 0.128571 
1.000000 0.128571 0.300000 0.300000 0.128571 
1.000000 0.128571 0.300000 0.300000 0.128571 
1.000000 0.128571 0.300000 0.300000 0.128571 
1.000000 0.128571 0.300000 0.300000 0.128571 
1.000000 0.128571 0.300000 0.300000 0.128571 
1.000000 0.128571 0.300000 0.300000 0.128571 
1.000000 0.128571 0.300000 0.300000 0.128571 
1.000000 0.128571 0.300000 0.300000 0.128571 
1.000000 0.128571 0.300000 0.300000 0.128571 
1.000000 0.128571 0.300000 0.300000 0.128571 
1.000000 0.128571 0.300000 0.300000 0.128571 
1.000000 0.128571 0.300000 0.300000 0.128571 
1.000000 0.128571 0.300000 0.300000 0.128571 
1.000000 0.128571 0.300000 0.300000 0.128571 
1.000000 0.128571 0.300000 0.300000 0.128571 
1.000000 0.128571 0.300000 0.300000 0.128571 
1.000000 0.128571 0.300000 0.300000 0.128571 
1.000000 0.128571 0.300000 0.300000 0.128571 
1.000000 0.128571 0.300000 0.300000 0.128571 
1.000000 0.128571 0.300000 0.300000 0.128571 
1.000000 0.128571 0.300000 0.300000 0.128571 
1.000000 0.128571 0.300000 0.300000 0.128571 
1.000000 0.128571 0.300000 0.300000 0.128571 
1.000000 0.128571 0.300000 0.300000 0.128571 
1.000000 0.128571 0.300000 0.300000 0.128571 
1.000000 0.128571 0.300000 0.300000 0.128571 
1.000000 0.128571 0.300000 0.300000 0.128571 
1.000000 0.128571 0.300000 0.300000 0.128571 
1.000000 0.128571 0.300000 0.300000 0.128571 
1.000000 0.128571 0.300000 0.300000 0.128571 
1.000000 0.128571 0.300000 0.300000 0.128571 
1.000000 0.128571 0.300000 0.300000 0.128571 
1.000000 0.128571 0.300000 0.300000 0.128571 
1.000000 0.128571 0.300000 0.300000 0.128571 
1.000000 0.128571 0.300000 0.300000 0.128571 
1.000000 0.128571 0.300000 0.300000 0.128571 
1.000000 0.128571 0.300000 0.300000 0.128571 
1.000000 0.128571 0.300000 0.300000 0.128571 
1.000000 0.128571 0.300000 0.300000 0.128571 
1.000000 0.128571 0.300000 0.300000 0.128571 
1.000000 0.128571 0.300000 0.300000 0.128571 
1.000000 0.128571 0.300000 0.300000 0.128571 
1.000000 0.128571 0.300000 0.300000 0.128571 
1.000000 0.128571 0.300000 0.300000 0.128571 
1.000000 0.128571 0.300000 0.300000 0.128571 
1.000000 0.128571 0.300000 0.300000 0.128571 
1.000000 0.128571 0.300000 0.300000 0.128571 
1.000000 0.128571 0.300000 0.300000 0.128571 
1.000000 0.128571 0.300000 0.300000 0.128571 
1.000000 0.128571 0.300000 0.300000 0.128571 
1.000000 0.128571 0.300000 0.300000 0.128571 
1.000000 0.128571 0.300000 0.300000 0.128571 
1.000000 0.128571 0.300000 0.300000 0.128571 
1.000000 0.128571 0.300000 0.300000 0.128571 
1.000000 0.128571 0.300000 0.300000 0.128571 
1.000000 0.128571 0.300000 0.300000 0.128571 
1.000000 0.128571 0.300000 0.300000 0.128571 
1.000000 0.128571 0.300000 0.300000 0.128571 
1.000000 0.128571 0.300000 0.300000 0.128571 
1.000000 0.128571 0.300000 0.300000 0.128571 
1.000000 0.128571 0.300000 0.300000 0.128571 
1.000000 0.128571 0.300000 0.300000 0.128571 
1.000000 0.128571 0.300000 0.300000 0.128571 
1.000000 0.128571 0.300000 0.300000 0.128571 
1.000000 0.128571 0.300000 0.300000 0.128571 
1.000000 0.128571 0.300000 0.300000 0.128571 
1.000000 0.128571 0.300000 0.300000 0.128571 
1.000000 0.128571 0.300000 0.300000 0.128571 
1.000000 0.128571 0.300000 0.300000 0.128571 
1.000000 0.128571 0.300000 0.300000 0.128571 
1.000000 0.128571 0.300000 0.300000 0.128571 
1.000000 0.128571 0.300000 0.300000 0.128571 
1.000000 0.128571 0.300000 0.300000 0.128571 
1.000000 0.128571 0.300000 0.300000 0.128571 
1.000000 0.128571 0.300000 0.300000 0.128571 
1.000000 0.128571 0.300000 0.300000 0.128571 
1.000000 0.128571 0.300000 0.300000 0.128571 
1.000000 0.128571 0.300000 0.300000 0.128571 
1.000000 0.128571 0.300000 0.300000 0.128571 
1.000000 0.128571 0.300000 0.300000 0.128571 
1.000000 0.128571 0.300000 0.300000 0.128571 
1.000000 0.128571 0.300000 0.300000 0.128571 
1.000000 0.128571 0.300000 0.300000 0.128571 
1.000000 0.128571 0.300000 0.300000 0.128571 
1.000000 0.128571 0.300000 0.300000 0.128571 
1.000000 0.128571 0.300000 0.300000 0.128571 
1.000000 0.128571 0.300000 0.300000 0.128571 
1.000000 0.128571 0.300000 0.300000 0.128571 
1.000000 0.128571 0.300000 0.300000 0.128571 
1.000000 0.128571 0.300000 0.300000 0.128571 
1.000000 0.128571 0.300000 0.300000 0.128571 
1.000000 0.128571 0.300000 0.300000 0.128571 
1.000000 0.128571 0.300000 0.300000 0.128571 
1.000000 0.128571 0.300000 0.300000 0.128571 
1.000000 0.128571 0.300000 0.300000 0.128571 
1.000000 0.128571 0.300000 0.300000 0.128571 
1.000000 0.128571 0.300000 0.300000 0.128571 
1.000000 0.128571 0.300000 0.300000 0.128571 
1.000000 0.128571 0.300000 0.300000 0.128571 
1.000000 0.128571 0.300000 0.300000 0.128571 
1.000000 0.128571 0.300000 0.300000 0.128571 
1.000000 0.128571 0.300000 0.300000 0.128571 
1.000000 0.128571 0.300000 0.300000 0.128571 
1.000000 0.128571 0.300000 0.300000 0.128571 
1.000000 0.128571 0.300000 0.300000 0.128571 
1.000000 0.128571 0.300000 0.300000 0.128571 
1.000000 0.128571 0.300000 0.300000 0.128571 
1.000000 0.128571 0.300000 0.300000 0.128571 
1.000000 0.128571 0.300000 0.300000 0.128571 
1.000000 0.128571 0.300000 0.300000 0.128571 
1.000000 0.128571 0.300000 0.300000 0.128571 
1.000000 0.128571 0.300000 0.300000 0.128571 
1.000000 0.128571 0.300000 0.300000 0.128571 
1.000000 0.128571 0.300000 0.300000 0.128571 
1.000000 0.128571 0.300000 0.300000 0.128571 
1.000000 0.128571 0.300000 0.300000 0.128571 
1.000000 0.128571 0.300000 0.300000 0.128571 
1.000000 0.128571 0.300000 0.300000 0.128571 
1.000000 0.128571 0.300000 0.300000 0.128571 
1.000000 0.128571 0.300000 0.300000 0.128571 
1.000000 0.128571 0.300000 0.300000 0.128571 
1.000000 0.128571 0.300000 0.300000 0.128571 
1.000000 0.128571 0.300000 0.300000 0.128571 
1.000000 0.128571 0.300000 0.300000 0.128571 
1.000000 0.128571 0.300000 0.300000 0.128571 
1.000000 0.128571 0.300000 0.300000 0.128571 
1.000000 0.128571 0.300000 0.300000 0.128571 
1.000000 0.128571 0.300000 0.300000 0.128571 
1.000000 0.128571 0.300000 0.300000 0.128571 
1.000000 0.128571 0.300000 0.300000 0.128571 
1.000000 0.128571 0.300000 0.300000 0.128571 
1.000000 0.128571 0.300000 0.300000 0.128571 
1.000000 0.128571 0.300000 0.300000 0.128571 
1.000000 0.128571 0.300000 0.300000 0.128571 
1.000000 0.128571 0.300000 0.300000 0.128571 
1.000000 0.128571 0.300000 0.300000 0.128571 
1.000000 0.128571 0.300000 0.300000 0.128571 
1.000000 0.128571 0.300000 0.300000 0.128571 
1.000000 0.128571 0.300000 0.300000 0.128571 
1.000000 0.128571 0.300000 0.300000 0.128571 
1.000000 0.128571 0.300000 0.300000 0.128571 
1.000000 0.128571 0.300000 0.300000 0.128571 
1.000000 0.128571 0.300000 0.300000 0.128571 
1.000000 0.128571 0.300000 0.300000 0.128571 
1.000000 0.128571 0.300000 0.300000 0.128571 
1.000000 0.128571 0.300000 0.300000 0.128571 
1.000000 0.128571 0.300000 0.300000 0.128571 
1.000000 0.128571 0.300000 0.300000 0.128571 
1.000000 0.128571 0.300000 0.300000 0.128571 
1.000000 0.128571 0.300000 0.300000 0.128571 
1.000000 0.128571 0.300000 0.300000 0.128571 
1.000000 0.128571 0.300000 0.300000 0.128571 
1.000000 0.128571 0.300000 0.300000 0.128571 
1.000000 0.128571 0.300000 0.300000 0.128571 
1.000000 0.128571 0.300000 0.300000 0.128571 
1.000000 0.128571 0.300000 0.300000 0.128571 
1.000000 0.128571 0.300000 0.300000 0.128571 
1.000000 0.128571 0.300000 0.300000 0.128571 
1.000000 0.128571 0.300000 0.300000 0.128571 
1.000000 0.128571 0.300000 0.300000 0.128571 
1.000000 0.128571 0.300000 0.300000 0.128571 
1.000000 0.128571 0.300000 0.300000 0.128571 
1.000000 0.128571 0.300000 0.300000 0.128571 
1.000000 0.128571 0.300000 0.300000 0.128571 
1.000000 0.128571 0.300000 0.300000 0.128571 
1.000000 0.128571 0.300000 0.300000 0.128571 
1.000000 0.128571 0.300000 0.300000 0.128571 
1.000000 0.128571 0.300000 0.300000 0.128571 
1.000000 0.128571 0.300000 0.300000 0.128571 
1.000000 0.128571 0.300000 0.300000 0.128571 
1.000000 0.128571 0.300000 0.300000 0.128571 
1.000000 0.128571 0.300000 0.300000 0.128571 
1.000000 0.128571 0.300000 0.300000 0.128571 
1.000000 0.128571 0.300000 0.300000 0.128571 
1.000000 0.128571 0.300000 0.300000 0.128571 
1.000000 0.128571 0.300000 0.300000 0.128571 
1.000000 0.128571 0.300000 0.300000 0.128571 
1.000000 0.128571 0.300000 0.300000 0.128571 
1.000000 0.128571 0.300000 0.300000 0.128571 
1.000000 0.128571 0.300000 0.300000 0.128571 
1.000000 0.128571 0.300000 0.300000 0.128571 
1.000000 0.128571 0.300000 0.300000 0.128571 
1.000000 0.128571 0.300000 0.300000 0.128571 
1.000000 0.128571 0.300000 0.300000 0.128571 
1.000000 0.128571 0.300000 0.300000 0.128571 
1.000000 0.128571 0.300000 0.300000 0.128571 
1.000000 0.128571 0.300000 0.300000 0.128571 
1.000000 0.128571 0.300000 0.300000 0.128571 
1.000000 0.128571 0.300000 0.300000 0.128571 
1.000000 0.128571 0.300000 0.300000 0.128571 
1.000000 0.128571 0.300000 0.300000 0.128571 
1.000000 0.128571 0.300000 0.300000 0.128571 
1.000000 0.128571 0.300000 0.300000 0.128571 
1.000000 0.128571 0.300000 0.300000 0.128571 
1.000000 0.128571 0.300000 0.300000 0.128571 
1.000000 0.128571 0.300000 0.300000 0.128571 
1.000000 0.128571 0.300000 0.300000 0.128571 
1.000000 0.128571 0.300000 0.300000 0.128571 
1.000000 0.128571 0.300000 0.300000 0.128571 
1.000000 0.128571 0.300000 0.300000 0.128571 
1.000000 0.128571 0.300000 0.300000 0.128571 
1.000000 0.128571 0.300000 0.300000 0.128571 
1.000000 0.128571 0.300000 0.300000 0.128571 
1.000000 0.128571 0.300000 0.300000 0.128571 
1.000000 0.128571 0.300000 0.300000 0.128571 
1.000000 0.128571 0.300000 0.300000 0.128571 
1.000000 0.128571 0.300000 0.300000 0.128571 
1.000000 0.128571 0.300000 0.300000 0.128571 
1.000000 0.128571 0.300000 0.300000 0.128571 
1.000000 0.128571 0.300000 0.300000 0.128571 
1.000000 0.128571 0.300000 0.300000 0.128571 
1.000000 0.128571 0.300000 0.300000 0.128571 
1.000000 0.128571 0.300000 0.300000 0.128571 
1.000000 0.128571 0.300000 0.300000 0.128571 
1.000000 0.128571 0.300000 0.300000 0.128571 
1.000000 0.128571 0.300000 0.300000 0.128571 
1.000000 0.128571 0.300000 0.300000 0.128571 
1.000000 0.128571 0.300000 0.300000 0.128571 
1.000000 0.128571 0.300000 0.300000 0.128571 
1.000000 0.128571 0.300000 0.300000 0.128571 
1.000000 0.128571 0.300000 0.300000 0.128571 
1.000000 0.128571 0.300000 0.300000 0.128571 
1.000000 0.128571 0.300000 0.300000 0.128571 
1.000000 0.128571 0.300000 0.300000 0.128571 
1.000000 0.128571 0.300000 0.300000 0.128571 
1.000000 0.128571 0.300000 0.300000 0.128571 
1.000000 0.128571 0.300000 0.300000 0.128571 
1.000000 0.128571 0.300000 0.300000 0.128571 
1.000000 0.128571 0.300000 0.300000 0.128571 
1.000000 0.128571 0.300000 0.300000 0.128571 
1.000000 0.128571 0.300000 0.300000 0.128571 
1.000000 0.128571 0.300000 0.300000 0.128571 
1.000000 0.128571 0.300000 0.300000 0.128571 
1.000000 0.128571 0.300000 0.300000 0.128571 
1.000000 0.128571 0.300000 0.300000 0.128571 
1.000000 0.128571 0.300000 0.300000 0.128571 
1.000000 0.128571 0.300000 0.300000 0.128571 
1.000000 0.128571 0.300000 0.300000 0.128571 
1.000000 0.128571 0.300000 0.300000 0.128571 
1.000000 0.128571 0.300000 0.300000 0.128571 
1.000000 0.128571 0.300000 0.300000 0.128571 
1.000000 0.128571 0.300000 0.300000 0.128571 
1.000000 0.128571 0.300000 0.300000 0.128571 
1.000000 0.128571 0.300000 0.300000 0.128571 
1.000000 0.128571 0.300000 0.300000 0.128571 
1.000000 0.128571 0.300000 0.300000 0.128571 
1.000000 0.128571 0.300000 0.300000 0.128571 
1.000000 0.128571 0.300000 0.300000 0.128571 
1.000000 0.128571 0.300000 0.300000 0.128571 
1.000000 0.128571 0.300000 0.300000 0.128571 
1.000000 0.128571 0.300000 0.300000 0.128571 
1.000000 0.128571 0.300000 0.300000 0.128571 
1.000000 0.128571 0.300000 0.300000 0.128571 
1.000000 0.128571 0.300000 0.300000 0.128571 
1.000000 0.128571 0.300000 0.300000 0.128571 
1.000000 0.128571 0.300000 0.300000 0.128571 
1.000000 0.128571 0.300000 0.300000 0.128571 
1.000000 0.128571 0.300000 0.300000 0.128571 
1.000000 0.128571 0.300000 0.300000 0.128571 
1.000000 0.128571 0.300000 0.300000 0.128571 
1.000000 0.128571 0.300000 0.300000 0.128571 
1.000000 0.128571 0.300000 0.300000 0.128571 
1.000000 0.128571 0.300000 0.300000 0.128571 
1.000000 0.128571 0.300000 0.300000 0.128571 
1.000000 0.128571 0.300000 0.300000 0.128571 
1.000000 0.128571 0.300000 0.300000 0.128571 
1.000000 0.128571 0.300000 0.300000 0.128571 
1.000000 0.128571 0.300000 0.300000 0.128571 
1.000000 0.128571 0.300000 0.300000 0.128571 
1.000000 0.128571 0.300000 0.300000 0.128571 
1.000000 0.128571 0.300000 0.300000 0.128571 
1.000000 0.128571 0.300000 0.300000 0.128571 
1.000000 0.128571 0.300000 0.300000 0.128571 
1.000000 0.128571 0.300000 0.300000 0.128571 
1.000000 0.128571 0.300000 0.300000 0.128571 
1.000000 0.128571 0.300000 0.300000 0.128571 
1.000000 0.128571 0.300000 0.300000 0.128571 
1.000000 0.128571 0.300000 0.300000 0.128571 
1.000000 0.128571 0.300000 0.300000 0.128571 
1.000000 0.128571 0.300000 0.300000 0.128571 
1.000000 0.128571 0.300000 0.300000 0.128571 
1.000000 0.128571 0.300000 0.300000 0.128571 
1.000000 0.128571 0.300000 0.300000 0.128571 
1.000000 0.128571 0.300000 0.300000 0.128571 
1.000000 0.128571 0.300000 0.300000 0.128571 
1.000000 0.128571 0.300000 0.300000 0.128571 
1.000000 0.128571 0.300000 0.300000 0.128571 
1.000000 0.128571 0.300000 0.300000 0.128571 
1.000000 0.128571 0.300000 0.300000 0.128571 
1.000000 0.128571 0.300000 0.300000 0.128571 
1.000000 0.128571 0.300000 0.300000 0.128571 
1.000000 0.128571 0.300000 0.300000 0.128571 
1.000000 0.128571 0.300000 0.300000 0.128571 
1.000000 0.128571 0.300000 0.300000 0.128571 
1.000000 0.128571 0.300000 0.300000 0.128571 
1.000000 0.128571 0.300000 0.300000 0.128571 
1.000000 0.128571 0.300000 0.300000 0.128571 
1.000000 0.128571 0.300000 0.300000 0.128571 
1.000000 0.128571 0.300000 0.300000 0.128571 
1.000000 0.128571 0.300000 0.300000 0.128571 
1.000000 0.128571 0.300000 0.300000 0.128571 
1.000000 0.128571 0.300000 0.300000 0.128571 
1.000000 0.128571 0.300000 0.300000 0.128571 
1.000000 0.128571 0.300000 0.300000 0.128571 
1.000000 0.128571 0.300000 0.300000 0.128571 
1.000000 0.128571 0.300000 0.300000 0.128571 
1.000000 0.128571 0.300000 0.300000 0.128571 
1.000000 0.128571 0.300000 0.300000 0.128571 
1.000000 0.128571 0.300000 0.300000 0.128571 
1.000000 0.128571 0.300000 0.300000 0.128571 
1.000000 0.128571 0.300000 0.300000 0.128571 
1.000000 0.128571 0.300000 0.300000 0.128571 
1.000000 0.128571 0.300000 0.300000 0.128571 
1.000000 0.128571 0.300000 0.300000 0.128571 
1.000000 0.128571 0.300000 0.300000 0.128571 
1.000000 0.128571 0.300000 0.300000 0.128571 
1.000000 0.128571 0.300000 0.300000 0.128571 
1.000000 0.128571 0.300000 0.300000 0.128571 
1.000000 0.128571 0.300000 0.300000 0.128571 
1.000000 0.128571 0.300000 0.300000 0.128571 
1.000000 0.128571 0.300000 0.300000 0.128571 
1.000000 0.128571 0.300000 0.300000 0.128571 
1.000000 0.128571 0.300000 0.300000 0.128571 
1.000000 0.128571 0.300000 0.300000 0.128571 
1.000000 0.128571 0.300000 0.300000 0.128571 
1.000000 0.128571 0.300000 0.300000 0.128571 
1.000000 0.128571 0.300000 0.300000 0.128571 
1.000000 0.128571 0.300000 0.300000 0.128571 
1.000000 0.128571 0.300000 0.300000 0.128571 
1.000000 0.128571 0.300000 0.300000 0.128571 
1.000000 0.128571 0.300000 0.300000 0.128571 
1.000000 0.128571 0.300000 0.300000 0.128571 
1.000000 0.128571 0.300000 0.300000 0.128571 
1.000000 0.128571 0.300000 0.300000 0.128571 
1.000000 0.128571 0.300000 0.300000 0.128571 
1.000000 0.128571 0.300000 0.300000 0.128571 
1.000000 0.128571 0.300000 0.300000 0.128571 
1.000000 0.128571 0.300000 0.300000 0.128571 
1.000000 0.128571 0.300000 0.300000 0.128571 
1.000000 0.128571 0.300000 0.300000 0.128571 
1.000000 0.128571 0.300000 0.300000 0.128571 
1.000000 0.128571 0.300000 0.300000 0.128571 
1.000000 0.128571 0.300000 0.300000 0.128571 
1.000000 0.128571 0.300000 0.300000 0.128571 
1.000000 0.128571 0.300000 0.300000 0.128571 
1.000000 0.128571 0.300000 0.300000 0.128571 
1.000000 0.128571 0.300000 0.300000 0.128571 
1.000000 0.128571 0.300000 0.300000 0.128571 
1.000000 0.128571 0.300000 0.300000 0.128571 
1.000000 0.128571 0.300000 0.300000 0.128571 
1.000000 0.128571 0.300000 0.300000 0.128571 
1.000000 0.128571 0.300000 0.300000 0.128571 
1.000000 0.128571 0.300000 0.300000 0.128571 
1.000000 0.128571 0.300000 0.300000 0.128571 
1.000000 0.128571 0.300000 0.300000 0.128571 
1.000000 0.128571 0.300000 0.300000 0.128571 
1.000000 0.128571 0.300000 0.300000 0.128571 
1.000000 0.128571 0.300000 0.300000 0.128571 
1.000000 0.128571 0.300000 0.300000 0.128571 
1.000000 0.128571 0.300000 0.300000 0.128571 
1.000000 0.128571 0.300000 0.300000 0.128571 
1.000000 0.128571 0.300000 0.300000 0.128571 
1.000000 0.128571 0.300000 0.300000 0.128571 
1.000000 0.128571 0.300000 0.300000 0.128571 
1.000000 0.128571 0.300000 0.300000 0.128571 
1.000000 0.128571 0.300000 0.300000 0.128571 
1.000000 0.128571 0.300000 0.300000 0.128571 
1.000000 0.128571 0.300000 0.300000 0.128571 
1.000000 0.128571 0.300000 0.300000 0.128571 
1.000000 0.128571 0.300000 0.300000 0.128571 
1.000000 0.128571 0.300000 0.300000 0.128571 
1.000000 0.128571 0.300000 0.300000 0.128571 
1.000000 0.128571 0.300000 0.300000 0.128571 
1.000000 0.128571 0.300000 0.300000 0.128571 
1.000000 0.128571 0.300000 0.300000 0.128571 
1.000000 0.128571 0.300000 0.300000 0.128571 
1.000000 0.128571 0.300000 0.300000 0.128571 
1.000000 0.128571 0.300000 0.300000 0.128571 
1.000000 0.128571 0.300000 0.300000 0.128571 
1.000000 0.128571 0.300000 0.300000 0.128571 
1.000000 0.128571 0.300000 0.300000 0.128571 
1.000000 0.128571 0.300000 0.300000 0.128571 
1.000000 0.128571 0.300000 0.300000 0.128571 
1.000000 0.128571 0.300000 0.300000 0.128571 
1.000000 0.128571 0.300000 0.300000 0.128571 
1.000000 0.128571 0.300000 0.300000 0.128571 
1.000000 0.128571 0.300000 0.300000 0.128571 
1.000000 0.128571 0.300000 0.300000 0.128571 
1.000000 0.128571 0.300000 0.300000 0.128571 
1.000000 0.128571 0.300000 0.300000 0.128571 
1.000000 0.128571 0.300000 0.300000 0.128571 
1.000000 0.128571 0.300000 0.300000 0.128571 
1.000000 0.128571 0.300000 0.300000 0.128571 
1.000000 0.128571 0.300000 0.300000 0.128571 
1.000000 0.128571 0.300000 0.300000 0.128571 
1.000000 0.128571 0.300000 0.300000 0.128571 
1.000000 0.128571 0.300000 0.300000 0.128571 
1.000000 0.128571 0.300000 0.300000 0.128571 
1.000000 0.128571 0.300000 0.300000 0.128571 
1.000000 0.128571 0.300000 0.300000 0.128571 
1.000000 0.128571 0.300000 0.300000 0.128571 
1.000000 0.128571 0.300000 0.300000 0.128571 
1.000000 0.128571 0.300000 0.300000 0.128571 
1.000000 0.128571 0.300000 0.300000 0.128571 
1.000000 0.128571 0.300000 0.300000 0.128571 
1.000000 0.128571 0.300000 0.300000 0.128571 
1.000000 0.128571 0.300000 0.300000 0.128571 
1.000000 0.128571 0.300000 0.300000 0.128571 
1.000000 0.128571 0.300000 0.300000 0.128571 
1.000000 0.128571 0.300000 0.300000 0.128571 
1.000000 0.128571 0.300000 0.300000 0.128571 
1.000000 0.128571 0.300000 0.300000 0.128571 
1.000000 0.128571 0.300000 0.300000 0.128571 
1.000000 0.128571 0.300000 0.300000 0.128571 
1.000000 0.128571 0.300000 0.300000 0.128571 
1.000000 0.128571 0.300000 0.300000 0.128571 
1.000000 0.128571 0.300000 0.300000 0.128571 
1.000000 0.128571 0.300000 0.300000 0.128571 
1.000000 0.128571 0.300000 0.300000 0.128571 
1.000000 0.128571 0.300000 0.300000 0.128571 
1.000000 0.128571 0.300000 0.300000 0.128571 
1.000000 0.128571 0.300000 0.300000 0.128571 
1.000000 0.128571 0.300000 0.300000 0.128571 
1.000000 0.128571 0.300000 0.300000 0.128571 
1.000000 0.128571 0.300000 0.300000 0.128571 
1.000000 0.128571 0.300000 0.300000 0.128571 
1.000000 0.128571 0.300000 0.300000 0.128571 
1.000000 0.128571 0.300000 0.300000 0.128571 
1.000000 0.128571 0.300000 0.300000 0.128571 
1.000000 0.128571 0.300000 0.300000 0.128571 
1.000000 0.128571 0.300000 0.300000 0.128571 
1.000000 0.128571 0.300000 0.300000 0.128571 
1.000000 0.128571 0.300000 0.300000 0.128571 
1.000000 0.128571 0.300000 0.300000 0.128571 
1.000000 0.128571 0.300000 0.300000 0.128571 
1.000000 0.128571 0.300000 0.300000 0.128571 
1.000000 0.128571 0.300000 0.300000 0.128571 
1.000000 0.128571 0.300000 0.300000 0.128571 
1.000000 0.128571 0.300000 0.300000 0.128571 
1.000000 0.128571 0.300000 0.300000 0.128571 
1.000000 0.128571 0.300000 0.300000 0.128571 
1.000000 0.128571 0.300000 0.300000 0.128571 
1.000000 0.128571 0.300000 0.300000 0.128571 
1.000000 0.128571 0.300000 0.300000 0.128571 
1.000000 0.128571 0.300000 0.300000 0.128571 
1.000000 0.128571 0.300000 0.300000 0.128571 
1.000000 0.128571 0.300000 0.300000 0.128571 
1.000000 0.128571 0.300000 0.300000 0.128571 
1.000000 0.128571 0.300000 0.300000 0.128571 
1.000000 0.128571 0.300000 0.300000 0.128571 
0.000000 0.128571 0.300000 0.300000 0.128571 
0.000000 0.128571 0.000000 0.000000 0.128571 
0.000000 0.038571 0.000000 0.000000 0.038571 
0.000000 0.011571 0.000000 0.000000 0.011571 
0.000000 0.003471 0.000000 0.000000 0.003471 
0.000000 0.001041 0.000000 0.000000 0.001041 
0.000000 0.000312 0.000000 0.000000 0.000312 
0.000000 0.000094 0.000000 0.000000 0.000094 
0.000000 0.000028 0.000000 0.000000 0.000028 
0.000000 0.000008 0.000000 0.000000 0.000008 
0.000000 0.000003 0.000000 0.000000 0.000003 
0.000000 0.000001 0.000000 0.000000 0.000001 
0.000000 0.000000 0.000000 0.000000 0.000000 
0.000000 0.000000 0.000000 0.000000 0.000000 
0.000000 0.000000 0.000000 0.000000 0.000000 
0.000000 0.000000 0.000000 0.000000 0.000000 
0.000000 0.000000 0.000000 0.000000 0.000000 
0.000000 0.000000 0.000000 0.000000 0.000000 
0.000000 0.000000 0.000000 0.000000 0.000000 
0.000000 0.000000 0.000000 0.000000 0.000000 
0.000000 0.000000 0.000000 0.000000 0.000000 
0.000000 0.000000 0.000000 0.000000 0.000000 
0.000000 0.000000 0.000000 0.000000 0.000000 
0.000000 0.000000 0.000000 0.000000 0.000000 
0.000000 0.000000 0.000000 0.000000 0.000000 
0.000000 0.000000 0.000000 0.000000 0.000000 
0.000000 0.000000 0.000000 0.000000 0.000000 
0.000000 0.000000 0.000000 0.000000 0.000000 
0.000000 0.000000 0.000000 0.000000 0.000000 
0.000000 0.000000 0.000000 0.000000 0.000000 
0.000000 0.000000 0.000000 0.000000 0.000000 
0.000000 0.000000 0.000000 0.000000 0.000000 
0.000000 0.000000 0.000000 0.000000 0.000000 
0.000000 0.000000 0.000000 0.000000 0.000000 
0.000000 0.000000 0.000000 0.000000 0.000000 
0.000000 0.000000 0.000000 0.000000 0.000000 
0.000000 0.000000 0.000000 0.000000 0.000000 
0.000000 0.000000 0.000000 0.000000 0.000000 
0.000000 0.000000 0.000000 0.000000 0.000000 
0.000000 0.000000 0.000000 0.000000 0.000000 
0.000000 0.000000 0.000000 0.000000 0.000000 
0.000000 0.000000 0.000000 0.000000 0.000000 
0.000000 0.000000 0.000000 0.000000 0.000000 
0.000000 0.000000 0.000000 0.000000 0.000000 
0.000000 0.000000 0.000000 0.000000 0.000000 
0.000000 0.000000 0.000000 0.000000 0.000000 
0.000000 0.000000 0.000000 0.000000 0.000000 
0.000000 0.000000 0.000000 0.000000 0.000000 
0.000000 0.000000 0.000000 0.000000 0.000000 
0.000000 0.000000 0.000000 0.000000 0.000000 
0.000000 0.000000 0.000000 0.000000 0.000000 
0.000000 0.000000 0.000000 0.000000 0.000000 
0.000000 0.000000 0.000000 0.000000 0.000000 
0.000000 0.000000 0.000000 0.000000 0.000000 
0.000000 0.000000 0.000000 0.000000 0.000000 
0.000000 0.000000 0.000000 0.000000 0.000000 
0.000000 0.000000 0.000000 0.000000 0.000000 
0.000000 0.000000 0.000000 0.000000 0.000000 
0.000000 0.000000 0.000000 0.000000 0.000000 
0.000000 0.000000 0.000000 0.000000 0.000000 
0.000000 0.000000 0.000000 0.000000 0.000000 
0.000000 0.000000 0.000000 0.000000 0.000000 
0.000000 0.000000 0.000000 0.000000 0.000000 
0.000000 0.000000 0.000000 0.000000 0.000000 
0.000000 0.000000 0.000000 0.000000 0.000000 
0.000000 0.000000 0.000000 0.000000 0.000000 
0.000000 0.000000 0.000000 0.000000 0.000000 
0.000000 0.000000 0.000000 0.000000 0.000000 
0.000000 0.000000 0.000000 0.000000 0.000000 
0.000000 0.000000 0.000000 0.000000 0.000000 
0.000000 0.000000 0.000000 0.000000 0.000000 
0.000000 0.000000 0.000000 0.000000 0.000000 
0.000000 0.000000 0.000000 0.000000 0.000000 
0.000000 0.000000 0.000000 0.000000 0.000000 
0.000000 0.000000 0.000000 0.000000 0.000000 
0.000000 0.000000 0.000000 0.000000 0.000000 
0.000000 0.000000 0.000000 0.000000 0.000000 
0.000000 0.000000 0.000000 0.000000 0.000000 
0.000000 0.000000 0.000000 0.000000 0.000000 
0.000000 0.000000 0.000000 0.000000 0.000000 
0.000000 0.000000 0.000000 0.000000 0.000000 
0.000000 0.000000 0.000000 0.000000 0.000000 
0.000000 0.000000 0.000000 0.000000 0.000000 
0.000000 0.000000 0.000000 0.000000 0.000000 
0.000000 0.000000 0.000000 0.000000 0.000000 
0.000000 0.000000 0.000000 0.000000 0.000000 
0.000000 0.000000 0.000000 0.000000 0.000000 
0.000000 0.000000 0.000000 0.000000 0.000000 
0.000000 0.000000 0.000000 0.000000 0.000000 
0.000000 0.000000 0.000000 0.000000 0.000000 
0.000000 0.000000 0.000000 0.000000 0.000000 
0.000000 0.000000 0.000000 0.000000 0.000000 
0.000000 0.000000 0.000000 0.000000 0.000000 
0.000000 0.000000 0.000000 0.000000 0.000000 
0.000000 0.000000 0.000000 0.000000 0.000000 
0.000000 0.000000 0.000000 0.000000 0.000000 
0.000000 0.000000 0.000000 0.000000 0.000000 
0.000000 0.000000 0.000000 0.000000 0.000000 
0.000000 0.000000 0.000000 0.000000 0.000000 
0.000000 0.000000 0.000000 0.000000 0.000000 
0.000000 0.000000 0.000000 0.000000 0.000000 
0.000000 0.000000 0.000000 0.000000 0.000000 
0.000000 0.000000 0.000000 0.000000 0.000000 
0.000000 0.000000 0.000000 0.000000 0.000000 
0.000000 0.000000 0.000000 0.000000 0.000000 
0.000000 0.000000 0.000000 0.000000 0.000000 
0.000000 0.000000 0.000000 0.000000 0.000000 
0.000000 0.000000 0.000000 0.000000 0.000000 
0.000000 0.000000 0.000000 0.000000 0.000000 
0.000000 0.000000 0.000000 0.000000 0.000000 
0.000000 0.000000 0.000000 0.000000 0.000000 
0.000000 0.000000 0.000000 0.000000 0.000000 
0.000000 0.000000 0.000000 0.000000 0.000000 
0.000000 0.000000 0.000000 0.000000 0.000000 
0.000000 0.000000 0.000000 0.000000 0.000000 
0.000000 0.000000 0.000000 0.000000 0.000000 
0.000000 0.000000 0.000000 0.000000 0.000000 
0.000000 0.000000 0.000000 0.000000 0.000000 
0.000000 0.000000 0.000000 0.000000 0.000000 
0.000000 0.000000 0.000000 0.000000 0.000000 
0.000000 0.000000 0.000000 0.000000 0.000000 
0.000000 0.000000 0.000000 0.000000 0.000000 
0.000000 0.000000 0.000000 0.000000 0.000000 
0.000000 0.000000 0.000000 0.000000 0.000000 
0.000000 0.000000 0.000000 0.000000 0.000000 
0.000000 0.000000 0.000000 0.000000 0.000000 
0.000000 0.000000 0.000000 0.000000 0.000000 
0.000000 0.000000 0.000000 0.000000 0.000000 
0.000000 0.000000 0.000000 0.000000 0.000000 
0.000000 0.000000 0.000000 0.000000 0.000000 
0.000000 0.000000 0.000000 0.000000 0.000000 
0.000000 0.000000 0.000000 0.000000 0.000000 
0.000000 0.000000 0.000000 0.000000 0.000000 
0.000000 0.000000 0.000000 0.000000 0.000000 
0.000000 0.000000 0.000000 0.000000 0.000000 
0.000000 0.000000 0.000000 0.000000 0.000000 
0.000000 0.000000 0.000000 0.000000 0.000000 
0.000000 0.000000 0.000000 0.000000 0.000000 
0.000000 0.000000 0.000000 0.000000 0.000000 
0.000000 0.000000 0.000000 0.000000 0.000000 
0.000000 0.000000 0.000000 0.000000 0.000000 
0.000000 0.000000 0.000000 0.000000 0.000000 
0.000000 0.000000 0.000000 0.000000 0.000000 
0.000000 0.000000 0.000000 0.000000 0.000000 
0.000000 0.000000 0.000000 0.000000 0.000000 
0.000000 0.000000 0.000000 0.000000 0.000000 
0.000000 0.000000 0.000000 0.000000 0.000000 
0.000000 0.000000 0.000000 0.000000 0.000000 
0.000000 0.000000 0.000000 0.000000 0.000000 
0.000000 0.000000 0.000000 0.000000 0.000000 
0.000000 0.000000 0.000000 0.000000 0.000000 
0.000000 0.000000 0.000000 0.000000 0.000000 
0.000000 0.000000 0.000000 0.000000 0.000000 
0.000000 0.000000 0.000000 0.000000 0.000000 
0.000000 0.000000 0.000000 0.000000 0.000000 
0.000000 0.000000 0.000000 0.000000 0.000000 
0.000000 0.000000 0.000000 0.000000 0.000000 
0.000000 0.000000 0.000000 0.000000 0.000000 
0.000000 0.000000 0.000000 0.000000 0.000000 
0.000000 0.000000 0.000000 0.000000 0.000000 
0.000000 0.000000 0.000000 0.000000 0.000000 
0.000000 0.000000 0.000000 0.000000 0.000000 
0.000000 0.000000 0.000000 0.000000 0.000000 
0.000000 0.000000 0.000000 0.000000 0.000000 
0.000000 0.000000 0.000000 0.000000 0.000000 
0.000000 0.000000 0.000000 0.000000 0.000000 
0.000000 0.000000 0.000000 0.000000 0.000000 
0.000000 0.000000 0.000000 0.000000 0.000000 
0.000000 0.000000 0.000000 0.000000 0.000000 
0.000000 0.000000 0.000000 0.000000 0.000000 
0.000000 0.000000 0.000000 0.000000 0.000000 
0.000000 0.000000 0.000000 0.000000 0.000000 
0.000000 0.000000 0.000000 0.000000 0.000000 
0.000000 0.000000 0.000000 0.000000 0.000000 
0.000000 0.000000 0.000000 0.000000 0.000000 
0.000000 0.000000 0.000000 0.000000 0.000000 
0.000000 0.000000 0.000000 0.000000 0.000000 
0.000000 0.000000 0.000000 0.000000 0.000000 
0.000000 0.000000 0.000000 0.000000 0.000000 
0.000000 0.000000 0.000000 0.000000 0.000000 
0.000000 0.000000 0.000000 0.000000 0.000000 
0.000000 0.000000 0.000000 0.000000 0.000000 
0.000000 0.000000 0.000000 0.000000 0.000000 
0.000000 0.000000 0.000000 0.000000 0.000000 
0.000000 0.000000 0.000000 0.000000 0.000000 
0.000000 0.000000 0.000000 0.000000 0.000000 
0.000000 0.000000 0.000000 0.000000 0.000000 
0.000000 0.000000 0.000000 0.000000 0.000000 
0.000000 0.000000 0.000000 0.000000 0.000000 
0.000000 0.000000 0.000000 0.000000 0.000000 
0.000000 0.000000 0.000000 0.000000 0.000000 
0.000000 0.000000 0.000000 0.000000 0.000000 
0.000000 0.000000 0.000000 0.000000 0.000000 
0.000000 0.000000 0.000000 0.000000 0.000000 
0.000000 0.000000 0.000000 0.000000 0.000000 
0.000000 0.000000 0.000000 0.000000 0.000000 
0.000000 0.000000 0.000000 0.000000 0.000000 
0.000000 0.000000 0.000000 0.000000 0.000000 
0.000000 0.000000 0.000000 0.000000 0.000000 
0.000000 0.000000 0.000000 0.000000 0.000000 
0.000000 0.000000 0.000000 0.000000 0.000000 
0.000000 0.000000 0.000000 0.000000 0.000000 
0.000000 0.000000 0.000000 0.000000 0.000000 
0.000000 0.000000 0.000000 0.000000 0.000000 
0.000000 0.000000 0.000000 0.000000 0.000000 
0.000000 0.000000 0.000000 0.000000 0.000000 
0.000000 0.000000 0.000000 0.000000 0.000000 
0.000000 0.000000 0.000000 0.000000 0.000000 
0.000000 0.000000 0.000000 0.000000 0.000000 
0.000000 0.000000 0.000000 0.000000 0.000000 
0.000000 0.000000 0.000000 0.000000 0.000000 
0.000000 0.000000 0.000000 0.000000 0.000000 
0.000000 0.000000 0.000000 0.000000 0.000000 
0.000000 0.000000 0.000000 0.000000 0.000000 
0.000000 0.000000 0.000000 0.000000 0.000000 
0.000000 0.000000 0.000000 0.000000 0.000000 
0.000000 0.000000 0.000000 0.000000 0.000000 
0.000000 0.000000 0.000000 0.000000 0.000000 
0.000000 0.000000 0.000000 0.000000 0.000000 
0.000000 0.000000 0.000000 0.000000 0.000000 
0.000000 0.000000 0.000000 0.000000 0.000000 
0.000000 0.000000 0.000000 0.000000 0.000000 
0.000000 0.000000 0.000000 0.000000 0.000000 
0.000000 0.000000 0.000000 0.000000 0.000000 
0.000000 0.000000 0.000000 0.000000 0.000000 
0.000000 0.000000 0.000000 0.000000 0.000000 
0.000000 0.000000 0.000000 0.000000 0.000000 
0.000000 0.000000 0.000000 0.000000 0.000000 
0.000000 0.000000 0.000000 0.000000 0.000000 
0.000000 0.000000 0.000000 0.000000 0.000000 
0.000000 0.000000 0.000000 0.000000 0.000000 
0.000000 0.000000 0.000000 0.000000 0.000000 
0.000000 0.000000 0.000000 0.000000 0.000000 
0.000000 0.000000 0.000000 0.000000 0.000000 
0.000000 0.000000 0.000000 0.000000 0.000000 
0.000000 0.000000 0.000000 0.000000 0.000000 
0.000000 0.000000 0.000000 0.000000 0.000000 
0.000000 0.000000 0.000000 0.000000 0.000000 
0.000000 0.000000 0.000000 0.000000 0.000000 
0.000000 0.000000 0.000000 0.000000 0.000000 
0.000000 0.000000 0.000000 0.000000 0.000000 
0.000000 0.000000 0.000000 0.000000 0.000000 
0.000000 0.000000 0.000000 0.000000 0.000000 
0.000000 0.000000 0.000000 0.000000 0.000000 
0.000000 0.000000 0.000000 0.000000 0.000000 
0.000000 0.000000 0.000000 0.000000 0.000000 
0.000000 0.000000 0.000000 0.000000 0.000000 
0.000000 0.000000 0.000000 0.000000 0.000000 
0.000000 0.000000 0.000000 0.000000 0.000000 
0.000000 0.000000 0.000000 0.000000 0.000000 
0.000000 0.000000 0.000000 0.000000 0.000000 
0.000000 0.000000 0.000000 0.000000 0.000000 
0.000000 0.000000 0.000000 0.000000 0.000000 
0.000000 0.000000 0.000000 0.000000 0.000000 
0.000000 0.000000 0.000000 0.000000 0.000000 
0.000000 0.000000 0.000000 0.000000 0.000000 
0.000000 0.000000 0.000000 0.000000 0.000000 
0.000000 0.000000 0.000000 0.000000 0.000000 
0.000000 0.000000 0.000000 0.000000 0.000000 
0.000000 0.000000 0.000000 0.000000 0.000000 
0.000000 0.000000 0.000000 0.000000 0.000000 
0.000000 0.000000 0.000000 0.000000 0.000000 
0.000000 0.000000 0.000000 0.000000 0.000000 
0.000000 0.000000 0.000000 0.000000 0.000000 
0.000000 0.000000 0.000000 0.000000 0.000000 
0.000000 0.000000 0.000000 0.000000 0.000000 
0.000000 0.000000 0.000000 0.000000 0.000000 
0.000000 0.000000 0.000000 0.000000 0.000000 
0.000000 0.000000 0.000000 0.000000 0.000000 
0.000000 0.000000 0.000000 0.000000 0.000000 
0.000000 0.000000 0.000000 0.000000 0.000000 
0.000000 0.000000 0.000000 0.000000 0.000000 
0.000000 0.000000 0.000000 0.000000 0.000000 
0.000000 0.000000 0.000000 0.000000 0.000000 
0.000000 0.000000 0.000000 0.000000 0.000000 
0.000000 0.000000 0.000000 0.000000 0.000000 
0.000000 0.000000 0.000000 0.000000 0.000000 
0.000000 0.000000 0.000000 0.000000 0.000000 
0.000000 0.000000 0.000000 0.000000 0.000000 
0.000000 0.000000 0.000000 0.000000 0.000000 
0.000000 0.000000 0.000000 0.000000 0.000000 
0.000000 0.000000 0.000000 0.000000 0.000000 
0.000000 0.000000 0.000000 0.000000 0.000000 
0.000000 0.000000 0.000000 0.000000 0.000000 
0.000000 0.000000 0.000000 0.000000 0.000000 
0.000000 0.000000 0.000000 0.000000 0.000000 
0.000000 0.000000 0.000000 0.000000 0.000000 
0.000000 0.000000 0.000000 0.000000 0.000000 
0.000000 0.000000 0.000000 0.000000 0.000000 
0.000000 0.000000 0.000000 0.000000 0.000000 
0.000000 0.000000 0.000000 0.000000 0.000000 
0.000000 0.000000 0.000000 0.000000 0.000000 
0.000000 0.000000 0.000000 0.000000 0.000000 
0.000000 0.000000 0.000000 0.000000 0.000000 
0.000000 0.000000 0.000000 0.000000 0.000000 
0.000000 0.000000 0.000000 0.000000 0.000000 
0.000000 0.000000 0.000000 0.000000 0.000000 
0.000000 0.000000 0.000000 0.000000 0.000000 
0.000000 0.000000 0.000000 0.000000 0.000000 
0.000000 0.000000 0.000000 0.000000 0.000000 
0.000000 0.000000 0.000000 0.000000 0.000000 
0.000000 0.000000 0.000000 0.000000 0.000000 
0.000000 0.000000 0.000000 0.000000 0.000000 
0.000000 0.000000 0.000000 0.000000 0.000000 
0.000000 0.000000 0.000000 0.000000 0.000000 
0.000000 0.000000 0.000000 0.000000 0.000000 
0.000000 0.000000 0.000000 0.000000 0.000000 
0.000000 0.000000 0.000000 0.000000 0.000000 
0.000000 0.000000 0.000000 0.000000 0.000000 
0.000000 0.000000 0.000000 0.000000 0.000000 
0.000000 0.000000 0.000000 0.000000 0.000000 
0.000000 0.000000 0.000000 0.000000 0.000000 
0.000000 0.000000 0.000000 0.000000 0.000000 
0.000000 0.000000 0.000000 0.000000 0.000000 
0.000000 0.000000 0.000000 0.000000 0.000000 
0.000000 0.000000 0.000000 0.000000 0.000000 
0.000000 0.000000 0.000000 0.000000 0.000000 
0.000000 0.000000 0.000000 0.000000 0.000000 
0.000000 0.000000 0.000000 0.000000 0.000000 
0.000000 0.000000 0.000000 0.000000 0.000000 
0.000000 0.000000 0.000000 0.000000 0.000000 
0.000000 0.000000 0.000000 0.000000 0.000000 
0.000000 0.000000 0.000000 0.000000 0.000000 
0.000000 0.000000 0.000000 0.000000 0.000000 
0.000000 0.000000 0.000000 0.000000 0.000000 
0.000000 0.000000 0.000000 0.000000 0.000000 
0.000000 0.000000 0.000000 0.000000 0.000000 
0.000000 0.000000 0.000000 0.000000 0.000000 
0.000000 0.000000 0.000000 0.000000 0.000000 
0.000000 0.000000 0.000000 0.000000 0.000000 
0.000000 0.000000 0.000000 0.000000 0.000000 
0.000000 0.000000 0.000000 0.000000 0.000000 
0.000000 0.000000 0.000000 0.000000 0.000000 
0.000000 0.000000 0.000000 0.000000 0.000000 
0.000000 0.000000 0.000000 0.000000 0.000000 
0.000000 0.000000 0.000000 0.000000 0.000000 
0.000000 0.000000 0.000000 0.000000 0.000000 
0.000000 0.000000 0.000000 0.000000 0.000000 
0.000000 0.000000 0.000000 0.000000 0.000000 
0.000000 0.000000 0.000000 0.000000 0.000000 
0.000000 0.000000 0.000000 0.000000 0.000000 
0.000000 0.000000 0.000000 0.000000 0.000000 
0.000000 0.000000 0.000000 0.000000 0.000000 
0.000000 0.000000 0.000000 0.000000 0.000000 
0.000000 0.000000 0.000000 0.000000 0.000000 
0.000000 0.000000 0.000000 0.000000 0.000000 
0.000000 0.000000 0.000000 0.000000 0.000000 
0.000000 0.000000 0.000000 0.000000 0.000000 
0.000000 0.000000 0.000000 0.000000 0.000000 
0.000000 0.000000 0.000000 0.000000 0.000000 
0.000000 0.000000 0.000000 0.000000 0.000000 
0.000000 0.000000 0.000000 0.000000 0.000000 
0.000000 0.000000 0.000000 0.000000 0.000000 
0.000000 0.000000 0.000000 0.000000 0.000000 
0.000000 0.000000 0.000000 0.000000 0.000000 
0.000000 0.000000 0.000000 0.000000 0.000000 
0.000000 0.000000 0.000000 0.000000 0.000000 
0.000000 0.000000 0.000000 0.000000 0.000000 
0.000000 0.000000 0.000000 0.000000 0.000000 
0.000000 0.000000 0.000000 0.000000 0.000000 
0.000000 0.000000 0.000000 0.000000 0.000000 
0.000000 0.000000 0.000000 0.000000 0.000000 
0.000000 0.000000 0.000000 0.000000 0.000000 
0.000000 0.000000 0.000000 0.000000 0.000000 
0.000000 0.000000 0.000000 0.000000 0.000000 
0.000000 0.000000 0.000000 0.000000 0.000000 
0.000000 0.000000 0.000000 0.000000 0.000000 
0.000000 0.000000 0.000000 0.000000 0.000000 
0.000000 0.000000 0.000000 0.000000 0.000000 
0.000000 0.000000 0.000000 0.000000 0.000000 
0.000000 0.000000 0.000000 0.000000 0.000000 
0.000000 0.000000 0.000000 0.000000 0.000000 
0.000000 0.000000 0.000000 0.000000 0.000000 
0.000000 0.000000 0.000000 0.000000 0.000000 
0.000000 0.000000 0.000000 0.000000 0.000000 
0.000000 0.000000 0.000000 0.000000 0.000000 
0.000000 0.000000 0.000000 0.000000 0.000000 
0.000000 0.000000 0.000000 0.000000 0.000000 
0.000000 0.000000 0.000000 0.000000 0.000000 
0.000000 0.000000 0.000000 0.000000 0.000000 
0.000000 0.000000 0.000000 0.000000 0.000000 
0.000000 0.000000 0.000000 0.000000 0.000000 
0.000000 0.000000 0.000000 0.000000 0.000000 
0.000000 0.000000 0.000000 0.000000 0.000000 
0.000000 0.000000 0.000000 0.000000 0.000000 
0.000000 0.000000 0.000000 0.000000 0.000000 
0.000000 0.000000 0.000000 0.000000 0.000000 
0.000000 0.000000 0.000000 0.000000 0.000000 
0.000000 0.000000 0.000000 0.000000 0.000000 
0.000000 0.000000 0.000000 0.000000 0.000000 
0.000000 0.000000 0.000000 0.000000 0.000000 
0.000000 0.000000 0.000000 0.000000 0.000000 
0.000000 0.000000 0.000000 0.000000 0.000000 
0.000000 0.000000 0.000000 0.000000 0.000000 
0.000000 0.000000 0.000000 0.000000 0.000000 
0.000000 0.000000 0.000000 0.000000 0.000000 
0.000000 0.000000 0.000000 0.000000 0.000000 
0.000000 0.000000 0.000000 0.000000 0.000000 
0.000000 0.000000 0.000000 0.000000 0.000000 
0.000000 0.000000 0.000000 0.000000 0.000000 
0.000000 0.000000 0.000000 0.000000 0.000000 
0.000000 0.000000 0.000000 0.000000 0.000000 
0.000000 0.000000 0.000000 0.000000 0.000000 
0.000000 0.000000 0.000000 0.000000 0.000000 
0.000000 0.000000 0.000000 0.000000 0.000000 
0.000000 0.000000 0.000000 0.000000 0.000000 
0.000000 0.000000 0.000000 0.000000 0.000000 
0.000000 0.000000 0.000000 0.000000 0.000000 
0.000000 0.000000 0.000000 0.000000 0.000000 
0.000000 0.000000 0.000000 0.000000 0.000000 
0.000000 0.000000 0.000000 0.000000 0.000000 
0.000000 0.000000 0.000000 0.000000 0.000000 
0.000000 0.000000 0.000000 0.000000 0.000000 
0.000000 0.000000 0.000000 0.000000 0.000000 
0.000000 0.000000 0.000000 0.000000 0.000000 
0.000000 0.000000 0.000000 0.000000 0.000000 
0.000000 0.000000 0.000000 0.000000 0.000000 
0.000000 0.000000 0.000000 0.000000 0.000000 
0.000000 0.000000 0.000000 0.000000 0.000000 
0.000000 0.000000 0.000000 0.000000 0.000000 
0.000000 0.000000 0.000000 0.000000 0.000000 
0.000000 0.000000 0.000000 0.000000 0.000000 
0.000000 0.000000 0.000000 0.000000 0.000000 
0.000000 0.000000 0.000000 0.000000 0.000000 
0.000000 0.000000 0.000000 0.000000 0.000000 
0.000000 0.000000 0.000000 0.000000 0.000000 
0.000000 0.000000 0.000000 0.000000 0.000000 
0.000000 0.000000 0.000000 0.000000 0.000000 
0.000000 0.000000 0.000000 0.000000 0.000000 
0.000000 0.000000 0.000000 0.000000 0.000000 
0.000000 0.000000 0.000000 0.000000 0.000000 
0.000000 0.000000 0.000000 0.000000 0.000000 
0.000000 0.000000 0.000000 0.000000 0.000000 
0.000000 0.000000 0.000000 0.000000 0.000000 
0.000000 0.000000 0.000000 0.000000 0.000000 
0.000000 0.000000 0.000000 0.000000 0.000000 
0.000000 0.000000 0.000000 0.000000 0.000000 
0.000000 0.000000 0.000000 0.000000 0.000000 
0.000000 0.000000 0.000000 0.000000 0.000000 
0.000000 0.000000 0.000000 0.000000 0.000000 
0.000000 0.000000 0.000000 0.000000 0.000000 
0.000000 0.000000 0.000000 0.000000 0.000000 
0.000000 0.000000 0.000000 0.000000 0.000000 
0.000000 0.000000 0.000000 0.000000 0.000000 
0.000000 0.000000 0.000000 0.000000 0.000000 
0.000000 0.000000 0.000000 0.000000 0.000000 
0.000000 0.000000 0.000000 0.000000 0.000000 
0.000000 0.000000 0.000000 0.000000 0.000000 
0.000000 0.000000 0.000000 0.000000 0.000000 
0.000000 0.000000 0.000000 0.000000 0.000000 
0.000000 0.000000 0.000000 0.000000 0.000000 
0.000000 0.000000 0.000000 0.000000 0.000000 
0.000000 0.000000 0.000000 0.000000 0.000000 
0.000000 0.000000 0.000000 0.000000 0.000000 
0.000000 0.000000 0.000000 0.000000 0.000000 
0.000000 0.000000 0.000000 0.000000 0.000000 
0.000000 0.000000 0.000000 0.000000 0.000000 
0.000000 0.000000 0.000000 0.000000 0.000000 
0.000000 0.000000 0.000000 0.000000 0.000000 
0.000000 0.000000 0.000000 0.000000 0.000000 
0.000000 0.000000 0.000000 0.000000 0.000000 
0.000000 0.000000 0.000000 0.000000 0.000000 
0.000000 0.000000 0.000000 0.000000 0.000000 
0.000000 0.000000 0.000000 0.000000 0.000000 
0.000000 0.000000 0.000000 0.000000 0.000000 
0.000000 0.000000 0.000000 0.000000 0.000000 
0.000000 0.000000 0.000000 0.000000 0.000000 
0.000000 0.000000 0.000000 0.000000 0.000000 
0.000000 0.000000 0.000000 0.000000 0.000000 
0.000000 0.000000 0.000000 0.000000 0.000000 
0.000000 0.000000 0.000000 0.000000 0.000000 
0.000000 0.000000 0.000000 0.000000 0.000000 
0.000000 0.000000 0.000000 0.000000 0.000000 
0.000000 0.000000 0.000000 0.000000 0.000000 
0.000000 0.000000 0.000000 0.000000 0.000000 
0.000000 0.000000 0.000000 0.000000 0.000000 
0.000000 0.000000 0.000000 0.000000 0.000000 
0.000000 0.000000 0.000000 0.000000 0.000000 
0.000000 0.000000 0.000000 0.000000 0.000000 
0.000000 0.000000 0.000000 0.000000 0.000000 
0.000000 0.000000 0.000000 0.000000 0.000000 
0.000000 0.000000 0.000000 0.000000 0.000000 
0.000000 0.000000 0.000000 0.000000 0.000000 
0.000000 0.000000 0.000000 0.000000 0.000000 
0.000000 0.000000 0.000000 0.000000 0.000000 
0.000000 0.000000 0.000000 0.000000 0.000000 
0.000000 0.000000 0.000000 0.000000 0.000000 
0.000000 0.000000 0.000000 0.000000 0.000000 
0.000000 0.000000 0.000000 0.000000 0.000000 
0.000000 0.000000 0.000000 0.000000 0.000000 
0.000000 0.000000 0.000000 0.000000 0.000000 
0.000000 0.000000 0.000000 0.000000 0.000000 
0.000000 0.000000 0.000000 0.000000 0.000000 
0.000000 0.000000 0.000000 0.000000 0.000000 
0.000000 0.000000 0.000000 0.000000 0.000000 
0.000000 0.000000 0.000000 0.000000 0.000000 
0.000000 0.000000 0.000000 0.000000 0.000000 
0.000000 0.000000 0.000000 0.000000 0.000000 
0.000000 0.000000 0.000000 0.000000 0.000000 
0.000000 0.000000 0.000000 0.000000 0.000000 
